route_id,end_hr,buses per hour,headway by hour
1-20670,05,3,20.0
1-20670,06,4,15.0
1-20670,07,6,10.0
1-20670,08,6,10.0
1-20670,09,5,12.0
1-20670,10,6,10.0
1-20670,11,6,10.0
1-20670,12,6,10.0
1-20670,13,6,10.0
1-20670,14,6,10.0
1-20670,15,6,10.0
1-20670,16,6,10.0
1-20670,17,6,10.0
1-20670,18,7,8.571428571428571
1-20670,19,6,10.0
1-20670,20,6,10.0
1-20670,21,4,15.0
1-20670,22,5,12.0
1-20670,23,5,12.0
1-20670,24,6,10.0
10-20670,06,1,60.0
10-20670,07,4,15.0
10-20670,08,2,30.0
10-20670,09,2,30.0
10-20670,10,4,15.0
10-20670,11,2,30.0
10-20670,12,2,30.0
10-20670,13,4,15.0
10-20670,14,2,30.0
10-20670,15,2,30.0
10-20670,16,4,15.0
10-20670,17,2,30.0
10-20670,18,2,30.0
10-20670,19,4,15.0
10-20670,20,2,30.0
10-20670,21,2,30.0
10-20670,22,4,15.0
10-20670,23,2,30.0
10-20670,24,2,30.0
100-20670,05,1,60.0
100-20670,06,4,15.0
100-20670,07,4,15.0
100-20670,08,4,15.0
100-20670,09,4,15.0
100-20670,10,4,15.0
100-20670,11,3,20.0
100-20670,12,4,15.0
100-20670,13,4,15.0
100-20670,14,4,15.0
100-20670,15,4,15.0
100-20670,16,3,20.0
100-20670,17,4,15.0
100-20670,18,4,15.0
100-20670,19,4,15.0
100-20670,20,3,20.0
100-20670,21,4,15.0
100-20670,22,4,15.0
100-20670,23,4,15.0
100-20670,24,4,15.0
100-20670,25,4,15.0
100-20670,26,1,60.0
101-20670,06,3,20.0
101-20670,07,3,20.0
101-20670,08,3,20.0
101-20670,09,3,20.0
101-20670,10,3,20.0
101-20670,11,3,20.0
101-20670,12,2,30.0
101-20670,13,3,20.0
101-20670,14,3,20.0
101-20670,15,3,20.0
101-20670,16,3,20.0
101-20670,17,3,20.0
101-20670,18,2,30.0
101-20670,19,4,15.0
101-20670,20,2,30.0
101-20670,21,2,30.0
104-20670,06,4,15.0
104-20670,07,4,15.0
104-20670,08,4,15.0
104-20670,09,4,15.0
104-20670,10,4,15.0
104-20670,11,2,30.0
104-20670,12,4,15.0
104-20670,13,4,15.0
104-20670,14,4,15.0
104-20670,15,4,15.0
104-20670,16,4,15.0
104-20670,17,4,15.0
104-20670,18,4,15.0
104-20670,19,4,15.0
104-20670,20,2,30.0
104-20670,21,4,15.0
104-20670,22,4,15.0
104-20670,23,4,15.0
104-20670,24,4,15.0
104-20670,25,1,60.0
105-20670,05,2,30.0
105-20670,06,4,15.0
105-20670,07,4,15.0
105-20670,08,4,15.0
105-20670,09,4,15.0
105-20670,10,4,15.0
105-20670,11,4,15.0
105-20670,12,4,15.0
105-20670,13,4,15.0
105-20670,14,3,20.0
105-20670,15,4,15.0
105-20670,16,5,12.0
105-20670,17,4,15.0
105-20670,18,5,12.0
105-20670,19,4,15.0
105-20670,20,4,15.0
105-20670,21,3,20.0
105-20670,22,2,30.0
106-20670,06,2,30.0
106-20670,07,1,60.0
106-20670,08,1,60.0
106-20670,09,2,30.0
106-20670,10,1,60.0
106-20670,11,2,30.0
106-20670,12,1,60.0
106-20670,13,2,30.0
106-20670,14,1,60.0
106-20670,15,1,60.0
106-20670,16,2,30.0
106-20670,17,1,60.0
106-20670,18,2,30.0
106-20670,19,1,60.0
109-20670,06,1,60.0
109-20670,07,2,30.0
109-20670,16,1,60.0
109-20670,17,1,60.0
11-20670,05,1,60.0
11-20670,06,2,30.0
11-20670,07,2,30.0
11-20670,08,2,30.0
11-20670,09,2,30.0
11-20670,10,2,30.0
11-20670,11,2,30.0
11-20670,12,2,30.0
11-20670,13,2,30.0
11-20670,14,2,30.0
11-20670,15,2,30.0
11-20670,16,2,30.0
11-20670,17,2,30.0
11-20670,18,2,30.0
11-20670,19,2,30.0
11-20670,20,2,30.0
11-20670,21,2,30.0
111-20670,06,6,10.0
111-20670,07,4,15.0
111-20670,08,4,15.0
111-20670,09,6,10.0
111-20670,10,4,15.0
111-20670,11,6,10.0
111-20670,12,4,15.0
111-20670,13,4,15.0
111-20670,14,6,10.0
111-20670,15,4,15.0
111-20670,16,6,10.0
111-20670,17,4,15.0
111-20670,18,4,15.0
111-20670,19,3,20.0
111-20670,20,3,20.0
111-20670,21,2,30.0
111-20670,22,3,20.0
113-20670,05,2,30.0
113-20670,06,3,20.0
113-20670,07,4,15.0
113-20670,08,4,15.0
113-20670,09,4,15.0
113-20670,10,4,15.0
113-20670,11,4,15.0
113-20670,12,4,15.0
113-20670,13,4,15.0
113-20670,14,3,20.0
113-20670,15,4,15.0
113-20670,16,5,12.0
113-20670,17,4,15.0
113-20670,18,4,15.0
113-20670,19,4,15.0
113-20670,20,4,15.0
113-20670,21,4,15.0
113-20670,22,4,15.0
113-20670,23,3,20.0
113-20670,24,1,60.0
114-20670,05,2,30.0
114-20670,06,2,30.0
114-20670,07,2,30.0
114-20670,08,2,30.0
114-20670,09,2,30.0
114-20670,10,2,30.0
114-20670,11,2,30.0
114-20670,12,2,30.0
114-20670,13,2,30.0
114-20670,14,2,30.0
114-20670,15,2,30.0
114-20670,16,2,30.0
114-20670,17,2,30.0
114-20670,18,2,30.0
114-20670,19,1,60.0
114-20670,20,2,30.0
114-20670,21,1,60.0
114-20670,22,2,30.0
114-20670,23,1,60.0
114-20670,24,1,60.0
115-20670,04,1,60.0
115-20670,05,2,30.0
115-20670,06,4,15.0
115-20670,07,2,30.0
115-20670,08,4,15.0
115-20670,09,4,15.0
115-20670,10,3,20.0
115-20670,11,3,20.0
115-20670,12,4,15.0
115-20670,13,2,30.0
115-20670,14,4,15.0
115-20670,15,3,20.0
115-20670,16,3,20.0
115-20670,17,4,15.0
115-20670,18,2,30.0
115-20670,19,4,15.0
115-20670,20,4,15.0
115-20670,21,2,30.0
115-20670,22,4,15.0
115-20670,23,3,20.0
116-20670,06,1,60.0
116-20670,07,3,20.0
116-20670,17,3,20.0
116-20670,18,1,60.0
117-20670,06,1,60.0
117-20670,07,2,30.0
117-20670,17,2,30.0
117-20670,18,1,60.0
118-20670,05,2,30.0
118-20670,06,1,60.0
118-20670,07,2,30.0
118-20670,08,2,30.0
118-20670,09,2,30.0
118-20670,10,2,30.0
118-20670,11,2,30.0
118-20670,12,2,30.0
118-20670,13,2,30.0
118-20670,14,2,30.0
118-20670,15,2,30.0
118-20670,16,2,30.0
118-20670,17,2,30.0
118-20670,18,2,30.0
118-20670,19,2,30.0
118-20670,20,2,30.0
118-20670,21,2,30.0
118-20670,22,2,30.0
118-20670,23,2,30.0
119-20670,06,2,30.0
119-20670,07,1,60.0
119-20670,08,1,60.0
119-20670,14,1,60.0
119-20670,15,1,60.0
119-20670,16,1,60.0
119-20670,17,1,60.0
119-20670,18,2,30.0
119-20670,19,1,60.0
119-20670,20,1,60.0
119-20670,21,1,60.0
119-20670,22,2,30.0
119-20670,23,1,60.0
12-20670,05,2,30.0
12-20670,06,3,20.0
12-20670,07,2,30.0
12-20670,08,2,30.0
12-20670,09,2,30.0
12-20670,10,2,30.0
12-20670,11,2,30.0
12-20670,12,2,30.0
12-20670,13,2,30.0
12-20670,14,2,30.0
12-20670,15,2,30.0
12-20670,16,3,20.0
12-20670,17,2,30.0
12-20670,18,2,30.0
12-20670,19,2,30.0
12-20670,20,2,30.0
12-20670,21,2,30.0
12-20670,22,2,30.0
12-20670,23,2,30.0
120-20670,05,2,30.0
120-20670,06,3,20.0
120-20670,07,3,20.0
120-20670,08,3,20.0
120-20670,09,3,20.0
120-20670,10,3,20.0
120-20670,11,3,20.0
120-20670,12,3,20.0
120-20670,13,3,20.0
120-20670,14,3,20.0
120-20670,15,3,20.0
120-20670,16,3,20.0
120-20670,17,3,20.0
120-20670,18,3,20.0
120-20670,19,3,20.0
120-20670,20,3,20.0
120-20670,21,3,20.0
120-20670,22,3,20.0
120-20670,23,3,20.0
123-20670,05,3,20.0
123-20670,06,4,15.0
123-20670,07,4,15.0
123-20670,08,5,12.0
123-20670,09,5,12.0
123-20670,10,4,15.0
123-20670,11,4,15.0
123-20670,12,4,15.0
123-20670,13,4,15.0
123-20670,14,4,15.0
123-20670,15,6,10.0
123-20670,16,4,15.0
123-20670,17,4,15.0
123-20670,18,5,12.0
123-20670,19,4,15.0
123-20670,20,3,20.0
123-20670,21,3,20.0
123-20670,22,4,15.0
123-20670,23,2,30.0
123-20670,24,4,15.0
124-20670,05,1,60.0
124-20670,06,6,10.0
124-20670,07,4,15.0
124-20670,08,5,12.0
124-20670,09,5,12.0
124-20670,10,4,15.0
124-20670,11,4,15.0
124-20670,12,4,15.0
124-20670,13,4,15.0
124-20670,14,4,15.0
124-20670,15,5,12.0
124-20670,16,7,8.571428571428571
124-20670,17,4,15.0
124-20670,18,6,10.0
124-20670,19,2,30.0
124-20670,20,4,15.0
124-20670,21,2,30.0
124-20670,22,4,15.0
124-20670,23,2,30.0
124-20670,24,1,60.0
125-20670,05,1,60.0
125-20670,06,2,30.0
125-20670,07,2,30.0
125-20670,08,2,30.0
125-20670,09,2,30.0
125-20670,10,2,30.0
125-20670,11,2,30.0
125-20670,12,2,30.0
125-20670,13,2,30.0
125-20670,14,2,30.0
125-20670,15,2,30.0
125-20670,16,2,30.0
125-20670,17,2,30.0
125-20670,18,2,30.0
125-20670,19,2,30.0
125-20670,20,2,30.0
125-20670,21,1,60.0
126-20670,06,2,30.0
126-20670,07,2,30.0
126-20670,08,2,30.0
126-20670,09,2,30.0
126-20670,10,2,30.0
126-20670,11,2,30.0
126-20670,12,2,30.0
126-20670,13,2,30.0
126-20670,14,2,30.0
126-20670,15,2,30.0
126-20670,16,2,30.0
126-20670,17,2,30.0
126-20670,18,2,30.0
126-20670,19,2,30.0
126-20670,20,2,30.0
126-20670,21,2,30.0
126-20670,22,2,30.0
126-20670,23,2,30.0
126-20670,24,1,60.0
127-20670,05,3,20.0
127-20670,06,4,15.0
127-20670,07,4,15.0
127-20670,08,4,15.0
127-20670,09,4,15.0
127-20670,10,4,15.0
127-20670,11,4,15.0
127-20670,12,4,15.0
127-20670,13,4,15.0
127-20670,14,4,15.0
127-20670,15,4,15.0
127-20670,16,4,15.0
127-20670,17,4,15.0
127-20670,18,4,15.0
127-20670,19,4,15.0
127-20670,20,3,20.0
127-20670,21,4,15.0
127-20670,22,3,20.0
127-20670,23,3,20.0
128-20670,05,3,20.0
128-20670,06,3,20.0
128-20670,07,3,20.0
128-20670,08,4,15.0
128-20670,09,3,20.0
128-20670,14,1,60.0
128-20670,15,3,20.0
128-20670,16,3,20.0
128-20670,17,4,15.0
128-20670,18,4,15.0
128-20670,19,3,20.0
129-20670,05,1,60.0
129-20670,06,4,15.0
129-20670,07,4,15.0
129-20670,08,4,15.0
129-20670,09,5,12.0
129-20670,10,4,15.0
129-20670,11,4,15.0
129-20670,12,4,15.0
129-20670,13,4,15.0
129-20670,14,4,15.0
129-20670,15,4,15.0
129-20670,16,4,15.0
129-20670,17,4,15.0
129-20670,18,4,15.0
129-20670,19,4,15.0
129-20670,20,4,15.0
129-20670,21,4,15.0
129-20670,22,4,15.0
129-20670,23,4,15.0
129-20670,24,1,60.0
13-20670,06,3,20.0
13-20670,07,4,15.0
13-20670,08,5,12.0
13-20670,09,5,12.0
13-20670,10,4,15.0
13-20670,11,5,12.0
13-20670,12,5,12.0
13-20670,13,5,12.0
13-20670,14,5,12.0
13-20670,15,4,15.0
13-20670,16,6,10.0
13-20670,17,4,15.0
13-20670,18,5,12.0
13-20670,19,4,15.0
13-20670,20,3,20.0
13-20670,21,4,15.0
13-20670,22,4,15.0
13-20670,23,4,15.0
131-20670,06,1,60.0
131-20670,07,3,20.0
131-20670,17,3,20.0
131-20670,18,1,60.0
134-20670,05,1,60.0
134-20670,06,3,20.0
134-20670,07,3,20.0
134-20670,08,3,20.0
134-20670,09,3,20.0
134-20670,10,3,20.0
134-20670,11,3,20.0
134-20670,12,3,20.0
134-20670,13,3,20.0
134-20670,14,3,20.0
134-20670,15,3,20.0
134-20670,16,3,20.0
134-20670,17,3,20.0
134-20670,18,3,20.0
134-20670,19,3,20.0
134-20670,20,3,20.0
134-20670,21,3,20.0
134-20670,22,3,20.0
134-20670,23,3,20.0
134-20670,24,2,30.0
135-20670,05,3,20.0
135-20670,06,5,12.0
135-20670,07,5,12.0
135-20670,08,6,10.0
135-20670,09,3,20.0
135-20670,15,4,15.0
135-20670,16,6,10.0
135-20670,17,6,10.0
135-20670,18,4,15.0
135-20670,19,1,60.0
138-20670,05,4,15.0
138-20670,06,4,15.0
138-20670,07,4,15.0
138-20670,08,4,15.0
138-20670,09,4,15.0
138-20670,10,4,15.0
138-20670,11,4,15.0
138-20670,12,4,15.0
138-20670,13,4,15.0
138-20670,14,4,15.0
138-20670,15,4,15.0
138-20670,16,3,20.0
138-20670,17,4,15.0
138-20670,18,5,12.0
138-20670,19,4,15.0
138-20670,20,4,15.0
138-20670,21,4,15.0
138-20670,22,4,15.0
138-20670,23,4,15.0
138-20670,24,2,30.0
14-20670,04,1,60.0
14-20670,05,4,15.0
14-20670,06,6,10.0
14-20670,07,10,6.0
14-20670,08,7,8.571428571428571
14-20670,09,5,12.0
14-20670,10,4,15.0
14-20670,11,4,15.0
14-20670,12,4,15.0
14-20670,13,4,15.0
14-20670,14,4,15.0
14-20670,15,4,15.0
14-20670,16,7,8.571428571428571
14-20670,17,9,6.666666666666667
14-20670,18,6,10.0
14-20670,19,4,15.0
14-20670,20,4,15.0
14-20670,21,4,15.0
14-20670,22,4,15.0
14-20670,23,4,15.0
14-20670,24,4,15.0
142-20670,06,1,60.0
142-20670,07,2,30.0
142-20670,17,3,20.0
145-20670,05,5,12.0
145-20670,06,8,7.5
145-20670,07,11,5.454545454545454
145-20670,08,12,5.0
145-20670,09,7,8.571428571428571
145-20670,10,5,12.0
145-20670,11,5,12.0
145-20670,12,5,12.0
145-20670,13,4,15.0
145-20670,14,6,10.0
145-20670,15,11,5.454545454545454
145-20670,16,14,4.285714285714286
145-20670,17,11,5.454545454545454
145-20670,18,8,7.5
145-20670,19,6,10.0
145-20670,20,5,12.0
145-20670,21,5,12.0
145-20670,22,5,12.0
145-20670,23,5,12.0
145-20670,24,4,15.0
145-20670,25,5,12.0
147-20670,05,1,60.0
147-20670,06,4,15.0
147-20670,07,4,15.0
147-20670,08,4,15.0
147-20670,09,2,30.0
147-20670,10,2,30.0
147-20670,11,2,30.0
147-20670,12,2,30.0
147-20670,13,2,30.0
147-20670,14,2,30.0
147-20670,15,4,15.0
147-20670,16,4,15.0
147-20670,17,4,15.0
147-20670,18,3,20.0
148-20670,05,3,20.0
148-20670,06,7,8.571428571428571
148-20670,07,8,7.5
148-20670,08,7,8.571428571428571
148-20670,09,4,15.0
148-20670,10,2,30.0
148-20670,11,2,30.0
148-20670,12,2,30.0
148-20670,13,2,30.0
148-20670,14,2,30.0
148-20670,15,6,10.0
148-20670,16,8,7.5
148-20670,17,8,7.5
148-20670,18,7,8.571428571428571
148-20670,19,4,15.0
148-20670,20,3,20.0
148-20670,21,2,30.0
148-20670,22,2,30.0
148-20670,23,2,30.0
149-20670,05,3,20.0
149-20670,06,3,20.0
149-20670,07,5,12.0
149-20670,08,4,15.0
149-20670,09,4,15.0
149-20670,10,4,15.0
149-20670,11,2,30.0
149-20670,12,4,15.0
149-20670,13,2,30.0
149-20670,14,4,15.0
149-20670,15,4,15.0
149-20670,16,4,15.0
149-20670,17,4,15.0
149-20670,18,5,12.0
149-20670,19,4,15.0
15-20670,05,3,20.0
15-20670,06,2,30.0
15-20670,07,4,15.0
15-20670,08,4,15.0
15-20670,09,2,30.0
15-20670,10,4,15.0
15-20670,11,4,15.0
15-20670,12,4,15.0
15-20670,13,2,30.0
15-20670,14,4,15.0
15-20670,15,4,15.0
15-20670,16,2,30.0
15-20670,17,4,15.0
15-20670,18,4,15.0
15-20670,19,2,30.0
15-20670,20,2,30.0
15-20670,21,2,30.0
15-20670,22,2,30.0
15-20670,23,2,30.0
15-20670,24,1,60.0
150-20670,05,1,60.0
150-20670,06,4,15.0
150-20670,07,4,15.0
150-20670,08,4,15.0
150-20670,09,2,30.0
150-20670,10,2,30.0
150-20670,11,2,30.0
150-20670,12,2,30.0
150-20670,13,3,20.0
150-20670,14,3,20.0
150-20670,15,4,15.0
150-20670,16,2,30.0
150-20670,17,6,10.0
150-20670,18,4,15.0
150-20670,19,1,60.0
151-20670,06,1,60.0
151-20670,07,1,60.0
151-20670,17,1,60.0
151-20670,18,1,60.0
152-20670,06,3,20.0
152-20670,07,3,20.0
152-20670,08,3,20.0
152-20670,09,3,20.0
152-20670,10,3,20.0
152-20670,11,3,20.0
152-20670,12,3,20.0
152-20670,13,3,20.0
152-20670,14,3,20.0
152-20670,15,3,20.0
152-20670,16,3,20.0
152-20670,17,3,20.0
152-20670,18,2,30.0
153-20670,05,1,60.0
153-20670,06,5,12.0
153-20670,07,4,15.0
153-20670,08,5,12.0
153-20670,09,5,12.0
153-20670,10,4,15.0
153-20670,11,6,10.0
153-20670,12,4,15.0
153-20670,13,5,12.0
153-20670,14,5,12.0
153-20670,15,4,15.0
153-20670,16,4,15.0
153-20670,17,6,10.0
153-20670,18,6,10.0
153-20670,19,3,20.0
153-20670,20,4,15.0
153-20670,21,3,20.0
153-20670,22,3,20.0
153-20670,23,4,15.0
153-20670,24,1,60.0
154-20670,05,1,60.0
154-20670,06,2,30.0
154-20670,07,2,30.0
154-20670,08,2,30.0
154-20670,09,2,30.0
154-20670,10,2,30.0
154-20670,11,2,30.0
154-20670,12,2,30.0
154-20670,13,2,30.0
154-20670,14,2,30.0
154-20670,15,2,30.0
154-20670,16,2,30.0
154-20670,17,2,30.0
154-20670,18,2,30.0
154-20670,19,2,30.0
154-20670,20,2,30.0
154-20670,21,2,30.0
154-20670,22,2,30.0
154-20670,23,2,30.0
154-20670,24,2,30.0
154-20670,25,1,60.0
155-20670,05,3,20.0
155-20670,06,3,20.0
155-20670,07,3,20.0
155-20670,08,4,15.0
155-20670,09,4,15.0
155-20670,10,4,15.0
155-20670,11,4,15.0
155-20670,12,3,20.0
155-20670,13,3,20.0
155-20670,14,4,15.0
155-20670,15,4,15.0
155-20670,16,4,15.0
155-20670,17,3,20.0
155-20670,18,4,15.0
155-20670,19,4,15.0
155-20670,20,3,20.0
155-20670,21,4,15.0
155-20670,22,4,15.0
155-20670,23,4,15.0
155-20670,24,3,20.0
155-20670,25,1,60.0
156-20670,05,3,20.0
156-20670,06,4,15.0
156-20670,07,4,15.0
156-20670,08,4,15.0
156-20670,09,4,15.0
156-20670,10,4,15.0
156-20670,11,4,15.0
156-20670,12,4,15.0
156-20670,13,4,15.0
156-20670,14,4,15.0
156-20670,15,4,15.0
156-20670,16,4,15.0
156-20670,17,4,15.0
156-20670,18,4,15.0
156-20670,19,4,15.0
156-20670,20,4,15.0
156-20670,21,4,15.0
156-20670,22,4,15.0
156-20670,23,3,20.0
157-20670,04,1,60.0
157-20670,05,3,20.0
157-20670,06,4,15.0
157-20670,07,4,15.0
157-20670,08,4,15.0
157-20670,09,4,15.0
157-20670,10,4,15.0
157-20670,11,4,15.0
157-20670,12,4,15.0
157-20670,13,4,15.0
157-20670,14,4,15.0
157-20670,15,4,15.0
157-20670,16,4,15.0
157-20670,17,4,15.0
157-20670,18,4,15.0
157-20670,19,4,15.0
157-20670,20,4,15.0
157-20670,21,4,15.0
157-20670,22,4,15.0
157-20670,23,4,15.0
157-20670,24,4,15.0
157-20670,25,1,60.0
158-20670,05,2,30.0
158-20670,06,2,30.0
158-20670,07,2,30.0
158-20670,08,2,30.0
158-20670,09,2,30.0
158-20670,10,2,30.0
158-20670,11,2,30.0
158-20670,12,2,30.0
158-20670,13,2,30.0
158-20670,14,2,30.0
158-20670,15,2,30.0
158-20670,16,2,30.0
158-20670,17,2,30.0
158-20670,18,2,30.0
158-20670,19,2,30.0
158-20670,20,2,30.0
158-20670,21,2,30.0
158-20670,22,2,30.0
158-20670,23,2,30.0
159-20670,05,4,15.0
159-20670,06,6,10.0
159-20670,07,5,12.0
159-20670,08,5,12.0
159-20670,09,4,15.0
159-20670,10,3,20.0
159-20670,11,3,20.0
159-20670,12,2,30.0
159-20670,13,3,20.0
159-20670,14,3,20.0
159-20670,15,5,12.0
159-20670,16,5,12.0
159-20670,17,6,10.0
159-20670,18,5,12.0
159-20670,19,4,15.0
159-20670,20,2,30.0
159-20670,21,3,20.0
159-20670,22,3,20.0
159-20670,23,2,30.0
159-20670,24,3,20.0
159-20670,25,2,30.0
161-20670,05,4,15.0
161-20670,06,4,15.0
161-20670,07,4,15.0
161-20670,08,4,15.0
161-20670,09,4,15.0
161-20670,10,4,15.0
161-20670,11,4,15.0
161-20670,12,4,15.0
161-20670,13,4,15.0
161-20670,14,4,15.0
161-20670,15,4,15.0
161-20670,16,4,15.0
161-20670,17,4,15.0
161-20670,18,4,15.0
161-20670,19,4,15.0
161-20670,20,4,15.0
161-20670,21,4,15.0
161-20670,22,4,15.0
161-20670,23,4,15.0
161-20670,24,4,15.0
161-20670,25,2,30.0
167-20670,06,3,20.0
167-20670,07,2,30.0
167-20670,08,2,30.0
167-20670,09,3,20.0
167-20670,15,2,30.0
167-20670,16,2,30.0
167-20670,17,3,20.0
167-20670,18,2,30.0
167-20670,19,1,60.0
168-20670,05,1,60.0
168-20670,06,2,30.0
168-20670,07,3,20.0
168-20670,08,2,30.0
168-20670,09,1,60.0
168-20670,15,2,30.0
168-20670,16,2,30.0
168-20670,17,2,30.0
168-20670,18,3,20.0
168-20670,19,1,60.0
169-20670,05,2,30.0
169-20670,06,2,30.0
169-20670,07,2,30.0
169-20670,08,2,30.0
169-20670,09,2,30.0
169-20670,10,2,30.0
169-20670,11,2,30.0
169-20670,12,2,30.0
169-20670,13,2,30.0
169-20670,14,2,30.0
169-20670,15,2,30.0
169-20670,16,2,30.0
169-20670,17,2,30.0
169-20670,18,2,30.0
169-20670,19,2,30.0
169-20670,20,2,30.0
169-20670,21,2,30.0
169-20670,22,2,30.0
169-20670,23,2,30.0
17-20670,05,2,30.0
17-20670,06,4,15.0
17-20670,07,3,20.0
17-20670,08,4,15.0
17-20670,09,4,15.0
17-20670,10,4,15.0
17-20670,11,2,30.0
17-20670,12,4,15.0
17-20670,13,2,30.0
17-20670,14,2,30.0
17-20670,15,4,15.0
17-20670,16,3,20.0
17-20670,17,4,15.0
17-20670,18,4,15.0
17-20670,19,2,30.0
17-20670,20,4,15.0
17-20670,21,2,30.0
17-20670,22,2,30.0
17-20670,23,4,15.0
174-20670,05,2,30.0
174-20670,06,2,30.0
174-20670,07,2,30.0
174-20670,08,2,30.0
174-20670,09,2,30.0
174-20670,10,2,30.0
174-20670,11,2,30.0
174-20670,12,2,30.0
174-20670,13,2,30.0
174-20670,14,2,30.0
174-20670,15,2,30.0
174-20670,16,2,30.0
174-20670,17,2,30.0
174-20670,18,2,30.0
174-20670,19,2,30.0
174-20670,20,2,30.0
174-20670,21,2,30.0
174-20670,22,2,30.0
174-20670,23,2,30.0
174-20670,24,1,60.0
178-20670,06,4,15.0
178-20670,07,4,15.0
178-20670,08,4,15.0
178-20670,16,4,15.0
178-20670,17,4,15.0
178-20670,18,4,15.0
178-20670,19,2,30.0
19-20670,05,3,20.0
19-20670,06,4,15.0
19-20670,07,4,15.0
19-20670,08,4,15.0
19-20670,09,4,15.0
19-20670,10,4,15.0
19-20670,11,4,15.0
19-20670,12,4,15.0
19-20670,13,4,15.0
19-20670,14,4,15.0
19-20670,15,4,15.0
19-20670,16,3,20.0
19-20670,17,4,15.0
19-20670,18,5,12.0
19-20670,19,5,12.0
19-20670,20,5,12.0
19-20670,21,4,15.0
19-20670,22,5,12.0
19-20670,23,4,15.0
19-20670,24,5,12.0
19-20670,25,3,20.0
2-20670,05,1,60.0
2-20670,06,5,12.0
2-20670,07,5,12.0
2-20670,08,6,10.0
2-20670,09,6,10.0
2-20670,10,4,15.0
2-20670,11,5,12.0
2-20670,12,4,15.0
2-20670,13,4,15.0
2-20670,14,4,15.0
2-20670,15,5,12.0
2-20670,16,6,10.0
2-20670,17,6,10.0
2-20670,18,7,8.571428571428571
2-20670,19,8,7.5
2-20670,20,5,12.0
2-20670,21,4,15.0
2-20670,22,5,12.0
2-20670,23,5,12.0
2-20670,24,6,10.0
20-20670,05,2,30.0
20-20670,06,4,15.0
20-20670,07,4,15.0
20-20670,08,6,10.0
20-20670,09,4,15.0
20-20670,10,4,15.0
20-20670,11,6,10.0
20-20670,12,4,15.0
20-20670,13,4,15.0
20-20670,14,5,12.0
20-20670,15,5,12.0
20-20670,16,4,15.0
20-20670,17,4,15.0
20-20670,18,6,10.0
20-20670,19,4,15.0
20-20670,20,4,15.0
20-20670,21,6,10.0
20-20670,22,4,15.0
20-20670,23,5,12.0
20-20670,24,7,8.571428571428571
20-20670,25,4,15.0
21-20670,05,3,20.0
21-20670,06,3,20.0
21-20670,07,4,15.0
21-20670,08,3,20.0
21-20670,09,3,20.0
21-20670,10,3,20.0
21-20670,11,4,15.0
21-20670,12,3,20.0
21-20670,13,3,20.0
21-20670,14,4,15.0
21-20670,15,3,20.0
21-20670,16,3,20.0
21-20670,17,4,15.0
21-20670,18,3,20.0
21-20670,19,3,20.0
21-20670,20,2,30.0
21-20670,21,2,30.0
21-20670,22,2,30.0
21-20670,23,2,30.0
21-20670,24,2,30.0
21-20670,25,1,60.0
22-20670,05,1,60.0
22-20670,06,3,20.0
22-20670,07,5,12.0
22-20670,08,6,10.0
22-20670,09,5,12.0
22-20670,10,5,12.0
22-20670,11,5,12.0
22-20670,12,6,10.0
22-20670,13,5,12.0
22-20670,14,5,12.0
22-20670,15,5,12.0
22-20670,16,5,12.0
22-20670,17,5,12.0
22-20670,18,4,15.0
22-20670,19,4,15.0
22-20670,20,4,15.0
22-20670,21,4,15.0
22-20670,22,2,30.0
22-20670,23,4,15.0
23-20670,05,4,15.0
23-20670,06,8,7.5
23-20670,07,11,5.454545454545454
23-20670,08,9,6.666666666666667
23-20670,09,7,8.571428571428571
23-20670,10,6,10.0
23-20670,11,5,12.0
23-20670,12,6,10.0
23-20670,13,6,10.0
23-20670,14,5,12.0
23-20670,15,9,6.666666666666667
23-20670,16,10,6.0
23-20670,17,8,7.5
23-20670,18,9,6.666666666666667
23-20670,19,7,8.571428571428571
23-20670,20,5,12.0
23-20670,21,4,15.0
23-20670,22,5,12.0
23-20670,23,4,15.0
23-20670,24,4,15.0
23-20670,25,5,12.0
24-20670,05,1,60.0
24-20670,06,4,15.0
24-20670,07,4,15.0
24-20670,08,4,15.0
24-20670,09,4,15.0
24-20670,10,4,15.0
24-20670,11,4,15.0
24-20670,12,4,15.0
24-20670,13,4,15.0
24-20670,14,4,15.0
24-20670,15,4,15.0
24-20670,16,4,15.0
24-20670,17,4,15.0
24-20670,18,4,15.0
24-20670,19,4,15.0
24-20670,20,4,15.0
24-20670,21,4,15.0
24-20670,22,4,15.0
24-20670,23,5,12.0
24-20670,24,6,10.0
27-20670,06,1,60.0
27-20670,07,2,30.0
27-20670,08,4,15.0
27-20670,09,3,20.0
27-20670,10,3,20.0
27-20670,11,3,20.0
27-20670,12,3,20.0
27-20670,13,3,20.0
27-20670,14,3,20.0
27-20670,15,2,30.0
27-20670,16,3,20.0
27-20670,17,3,20.0
27-20670,18,3,20.0
27-20670,19,1,60.0
27-20670,20,2,30.0
27-20670,21,1,60.0
28-20670,05,1,60.0
28-20670,06,2,30.0
28-20670,07,2,30.0
28-20670,08,2,30.0
28-20670,09,2,30.0
28-20670,10,2,30.0
28-20670,11,2,30.0
28-20670,12,2,30.0
28-20670,13,2,30.0
28-20670,14,2,30.0
28-20670,15,2,30.0
28-20670,16,2,30.0
28-20670,17,2,30.0
28-20670,18,2,30.0
28-20670,19,2,30.0
28-20670,20,2,30.0
28-20670,21,2,30.0
28-20670,22,2,30.0
28-20670,23,1,60.0
28-20670,24,1,60.0
29-20670,05,2,30.0
29-20670,06,1,60.0
29-20670,07,2,30.0
29-20670,08,2,30.0
29-20670,09,1,60.0
29-20670,10,2,30.0
29-20670,11,2,30.0
29-20670,12,2,30.0
29-20670,13,1,60.0
29-20670,14,2,30.0
29-20670,15,2,30.0
29-20670,16,1,60.0
29-20670,17,2,30.0
29-20670,18,2,30.0
29-20670,19,2,30.0
29-20670,20,1,60.0
29-20670,21,2,30.0
29-20670,22,2,30.0
29-20670,23,2,30.0
299-20670,05,1,60.0
299-20670,06,2,30.0
299-20670,07,2,30.0
299-20670,08,2,30.0
299-20670,09,3,20.0
299-20670,10,2,30.0
299-20670,11,2,30.0
299-20670,12,2,30.0
299-20670,13,2,30.0
299-20670,14,2,30.0
299-20670,15,1,60.0
299-20670,16,2,30.0
299-20670,17,2,30.0
299-20670,18,3,20.0
299-20670,19,2,30.0
299-20670,20,2,30.0
299-20670,21,2,30.0
299-20670,22,2,30.0
299-20670,23,2,30.0
3-20670,05,2,30.0
3-20670,06,6,10.0
3-20670,07,8,7.5
3-20670,08,9,6.666666666666667
3-20670,09,9,6.666666666666667
3-20670,10,8,7.5
3-20670,11,8,7.5
3-20670,12,8,7.5
3-20670,13,8,7.5
3-20670,14,8,7.5
3-20670,15,8,7.5
3-20670,16,10,6.0
3-20670,17,8,7.5
3-20670,18,11,5.454545454545454
3-20670,19,8,7.5
3-20670,20,8,7.5
3-20670,21,8,7.5
3-20670,22,7,8.571428571428571
3-20670,23,5,12.0
3-20670,24,5,12.0
30-20670,06,2,30.0
30-20670,07,2,30.0
30-20670,08,2,30.0
30-20670,09,2,30.0
30-20670,10,2,30.0
30-20670,11,2,30.0
30-20670,12,2,30.0
30-20670,13,2,30.0
30-20670,14,2,30.0
30-20670,15,2,30.0
30-20670,16,2,30.0
30-20670,17,2,30.0
30-20670,18,2,30.0
30-20670,19,2,30.0
30-20670,20,2,30.0
30-20670,21,1,60.0
300-20670,05,3,20.0
300-20670,06,4,15.0
300-20670,07,4,15.0
300-20670,08,4,15.0
300-20670,09,4,15.0
300-20670,10,4,15.0
300-20670,11,4,15.0
300-20670,12,4,15.0
300-20670,13,4,15.0
300-20670,14,4,15.0
300-20670,15,4,15.0
300-20670,16,3,20.0
300-20670,17,4,15.0
300-20670,18,3,20.0
300-20670,19,4,15.0
300-20670,20,5,12.0
300-20670,21,4,15.0
300-20670,22,5,12.0
300-20670,23,4,15.0
300-20670,24,4,15.0
301-20670,05,3,20.0
301-20670,06,7,8.571428571428571
301-20670,07,11,5.454545454545454
301-20670,08,13,4.615384615384615
301-20670,09,10,6.0
301-20670,10,10,6.0
301-20670,11,10,6.0
301-20670,12,10,6.0
301-20670,13,10,6.0
301-20670,14,9,6.666666666666667
301-20670,15,12,5.0
301-20670,16,11,5.454545454545454
301-20670,17,13,4.615384615384615
301-20670,18,13,4.615384615384615
301-20670,19,9,6.666666666666667
301-20670,20,6,10.0
301-20670,21,6,10.0
301-20670,22,6,10.0
301-20670,23,5,12.0
301-20670,24,6,10.0
302-20670,04,1,60.0
302-20670,05,4,15.0
302-20670,06,5,12.0
302-20670,07,6,10.0
302-20670,08,6,10.0
302-20670,09,6,10.0
302-20670,10,5,12.0
302-20670,11,5,12.0
302-20670,12,5,12.0
302-20670,13,5,12.0
302-20670,14,5,12.0
302-20670,15,6,10.0
302-20670,16,7,8.571428571428571
302-20670,17,6,10.0
302-20670,18,6,10.0
302-20670,19,6,10.0
302-20670,20,5,12.0
302-20670,21,5,12.0
302-20670,22,6,10.0
302-20670,23,3,20.0
303-20670,05,1,60.0
303-20670,06,5,12.0
303-20670,07,7,8.571428571428571
303-20670,08,9,6.666666666666667
303-20670,09,6,10.0
303-20670,10,5,12.0
303-20670,11,5,12.0
303-20670,12,5,12.0
303-20670,13,4,15.0
303-20670,14,6,10.0
303-20670,15,6,10.0
303-20670,16,7,8.571428571428571
303-20670,17,9,6.666666666666667
303-20670,18,4,15.0
303-20670,19,6,10.0
303-20670,20,5,12.0
303-20670,21,5,12.0
303-20670,22,5,12.0
303-20670,23,6,10.0
303-20670,24,4,15.0
303-20670,25,1,60.0
304-20670,06,5,12.0
304-20670,07,6,10.0
304-20670,08,6,10.0
304-20670,09,6,10.0
304-20670,10,6,10.0
304-20670,11,4,15.0
304-20670,12,6,10.0
304-20670,13,6,10.0
304-20670,14,6,10.0
304-20670,15,5,12.0
304-20670,16,6,10.0
304-20670,17,6,10.0
304-20670,18,7,8.571428571428571
304-20670,19,6,10.0
304-20670,20,4,15.0
304-20670,21,6,10.0
304-20670,22,6,10.0
304-20670,23,4,15.0
305-20670,07,3,20.0
305-20670,08,3,20.0
305-20670,16,2,30.0
305-20670,17,3,20.0
305-20670,18,1,60.0
306-20670,06,4,15.0
306-20670,07,5,12.0
306-20670,08,5,12.0
306-20670,09,5,12.0
306-20670,10,5,12.0
306-20670,11,6,10.0
306-20670,12,5,12.0
306-20670,13,5,12.0
306-20670,14,6,10.0
306-20670,15,4,15.0
306-20670,16,6,10.0
306-20670,17,5,12.0
306-20670,18,5,12.0
306-20670,19,6,10.0
306-20670,20,4,15.0
306-20670,21,4,15.0
306-20670,22,4,15.0
306-20670,23,3,20.0
307-20670,05,2,30.0
307-20670,06,6,10.0
307-20670,07,6,10.0
307-20670,08,6,10.0
307-20670,09,6,10.0
307-20670,10,6,10.0
307-20670,11,6,10.0
307-20670,12,6,10.0
307-20670,13,6,10.0
307-20670,14,6,10.0
307-20670,15,6,10.0
307-20670,16,5,12.0
307-20670,17,7,8.571428571428571
307-20670,18,8,7.5
307-20670,19,6,10.0
307-20670,20,5,12.0
307-20670,21,5,12.0
307-20670,22,5,12.0
307-20670,23,4,15.0
307-20670,24,3,20.0
31-20670,05,1,60.0
31-20670,06,4,15.0
31-20670,07,3,20.0
31-20670,08,4,15.0
31-20670,09,4,15.0
31-20670,10,4,15.0
31-20670,11,2,30.0
31-20670,12,4,15.0
31-20670,13,4,15.0
31-20670,14,4,15.0
31-20670,15,3,20.0
31-20670,16,4,15.0
31-20670,17,4,15.0
31-20670,18,2,30.0
31-20670,19,4,15.0
31-20670,20,4,15.0
31-20670,21,4,15.0
31-20670,22,2,30.0
31-20670,23,4,15.0
31-20670,24,3,20.0
31-20670,25,1,60.0
32-20670,06,4,15.0
32-20670,07,5,12.0
32-20670,08,5,12.0
32-20670,09,4,15.0
32-20670,10,4,15.0
32-20670,11,4,15.0
32-20670,12,4,15.0
32-20670,13,4,15.0
32-20670,14,4,15.0
32-20670,15,4,15.0
32-20670,16,5,12.0
32-20670,17,4,15.0
32-20670,18,4,15.0
32-20670,19,4,15.0
32-20670,20,4,15.0
32-20670,21,5,12.0
32-20670,22,4,15.0
32-20670,23,5,12.0
33-20670,05,2,30.0
33-20670,06,2,30.0
33-20670,07,4,15.0
33-20670,08,4,15.0
33-20670,09,4,15.0
33-20670,10,4,15.0
33-20670,11,4,15.0
33-20670,12,4,15.0
33-20670,13,4,15.0
33-20670,14,4,15.0
33-20670,15,4,15.0
33-20670,16,4,15.0
33-20670,17,4,15.0
33-20670,18,5,12.0
33-20670,19,3,20.0
33-20670,20,2,30.0
33-20670,21,3,20.0
33-20670,22,1,60.0
34-20670,05,2,30.0
34-20670,06,2,30.0
34-20670,07,3,20.0
34-20670,08,4,15.0
34-20670,09,3,20.0
34-20670,10,3,20.0
34-20670,11,3,20.0
34-20670,12,3,20.0
34-20670,13,3,20.0
34-20670,14,3,20.0
34-20670,15,3,20.0
34-20670,16,3,20.0
34-20670,17,3,20.0
34-20670,18,4,15.0
34-20670,19,1,60.0
35-20670,05,1,60.0
35-20670,06,2,30.0
35-20670,07,2,30.0
35-20670,08,2,30.0
35-20670,09,2,30.0
35-20670,10,2,30.0
35-20670,11,2,30.0
35-20670,12,2,30.0
35-20670,13,2,30.0
35-20670,14,2,30.0
35-20670,15,2,30.0
35-20670,16,2,30.0
35-20670,17,2,30.0
35-20670,18,2,30.0
35-20670,19,2,30.0
35-20670,20,2,30.0
35-20670,21,2,30.0
35-20670,22,2,30.0
35-20670,23,2,30.0
35-20670,24,1,60.0
36-20670,05,1,60.0
36-20670,06,1,60.0
36-20670,07,2,30.0
36-20670,08,2,30.0
36-20670,09,2,30.0
36-20670,10,2,30.0
36-20670,11,2,30.0
36-20670,12,2,30.0
36-20670,13,2,30.0
36-20670,14,2,30.0
36-20670,15,2,30.0
36-20670,16,2,30.0
36-20670,17,2,30.0
36-20670,18,2,30.0
36-20670,19,1,60.0
36-20670,20,2,30.0
36-20670,21,1,60.0
36-20670,22,1,60.0
36-20670,23,2,30.0
37-20670,04,3,20.0
37-20670,05,5,12.0
37-20670,06,5,12.0
37-20670,07,8,7.5
37-20670,08,6,10.0
37-20670,09,6,10.0
37-20670,10,8,7.5
37-20670,11,6,10.0
37-20670,12,6,10.0
37-20670,13,8,7.5
37-20670,14,6,10.0
37-20670,15,6,10.0
37-20670,16,8,7.5
37-20670,17,6,10.0
37-20670,18,6,10.0
37-20670,19,6,10.0
37-20670,20,4,15.0
37-20670,21,4,15.0
37-20670,22,4,15.0
37-20670,23,4,15.0
38-20670,04,1,60.0
38-20670,05,5,12.0
38-20670,06,7,8.571428571428571
38-20670,07,6,10.0
38-20670,08,7,8.571428571428571
38-20670,09,6,10.0
38-20670,10,6,10.0
38-20670,11,7,8.571428571428571
38-20670,12,7,8.571428571428571
38-20670,13,6,10.0
38-20670,14,6,10.0
38-20670,15,7,8.571428571428571
38-20670,16,8,7.5
38-20670,17,6,10.0
38-20670,18,8,7.5
38-20670,19,5,12.0
38-20670,20,6,10.0
38-20670,21,4,15.0
38-20670,22,6,10.0
38-20670,23,4,15.0
38-20670,24,4,15.0
38-20670,25,4,15.0
4-20670,06,1,60.0
4-20670,07,3,20.0
4-20670,08,2,30.0
4-20670,09,2,30.0
4-20670,10,2,30.0
4-20670,11,3,20.0
4-20670,12,2,30.0
4-20670,13,2,30.0
4-20670,14,2,30.0
4-20670,15,3,20.0
4-20670,16,2,30.0
4-20670,17,2,30.0
4-20670,18,3,20.0
4-20670,19,2,30.0
4-20670,20,2,30.0
4-20670,21,2,30.0
4-20670,22,2,30.0
4-20670,23,2,30.0
4-20670,24,2,30.0
40-20670,06,2,30.0
40-20670,07,3,20.0
40-20670,08,4,15.0
40-20670,09,3,20.0
40-20670,10,3,20.0
40-20670,11,4,15.0
40-20670,12,3,20.0
40-20670,13,4,15.0
40-20670,14,3,20.0
40-20670,15,3,20.0
40-20670,16,4,15.0
40-20670,17,3,20.0
40-20670,18,4,15.0
40-20670,19,3,20.0
40-20670,20,4,15.0
40-20670,21,3,20.0
40-20670,22,3,20.0
40-20670,23,3,20.0
402-20670,05,2,30.0
402-20670,06,2,30.0
402-20670,07,2,30.0
402-20670,08,2,30.0
402-20670,09,2,30.0
402-20670,10,2,30.0
402-20670,11,2,30.0
402-20670,12,2,30.0
402-20670,13,2,30.0
402-20670,14,2,30.0
402-20670,15,2,30.0
402-20670,16,2,30.0
402-20670,17,2,30.0
402-20670,18,2,30.0
402-20670,19,2,30.0
402-20670,20,2,30.0
402-20670,21,2,30.0
402-20670,22,2,30.0
402-20670,23,2,30.0
402-20670,24,1,60.0
404-20670,06,1,60.0
404-20670,07,2,30.0
404-20670,08,2,30.0
404-20670,09,2,30.0
404-20670,10,2,30.0
404-20670,11,2,30.0
404-20670,12,2,30.0
404-20670,13,2,30.0
404-20670,14,2,30.0
404-20670,15,2,30.0
404-20670,16,2,30.0
404-20670,17,2,30.0
404-20670,18,2,30.0
404-20670,19,2,30.0
404-20670,20,1,60.0
408-20670,05,1,60.0
408-20670,06,3,20.0
408-20670,07,4,15.0
408-20670,08,4,15.0
408-20670,09,4,15.0
408-20670,10,4,15.0
408-20670,11,4,15.0
408-20670,12,4,15.0
408-20670,13,4,15.0
408-20670,14,4,15.0
408-20670,15,4,15.0
408-20670,16,4,15.0
408-20670,17,4,15.0
408-20670,18,4,15.0
408-20670,19,4,15.0
408-20670,20,4,15.0
408-20670,21,3,20.0
408-20670,22,2,30.0
408-20670,23,4,15.0
408-20670,24,2,30.0
41-20670,06,2,30.0
41-20670,07,2,30.0
41-20670,08,2,30.0
41-20670,09,2,30.0
41-20670,10,2,30.0
41-20670,11,2,30.0
41-20670,12,2,30.0
41-20670,13,2,30.0
41-20670,14,2,30.0
41-20670,15,2,30.0
41-20670,16,2,30.0
41-20670,17,2,30.0
41-20670,18,2,30.0
414-20670,06,1,60.0
414-20670,07,2,30.0
414-20670,08,2,30.0
414-20670,09,2,30.0
414-20670,10,2,30.0
414-20670,11,2,30.0
414-20670,12,2,30.0
414-20670,13,2,30.0
414-20670,14,2,30.0
414-20670,15,2,30.0
414-20670,16,2,30.0
414-20670,17,2,30.0
414-20670,18,1,60.0
414-20670,19,1,60.0
42-20670,05,3,20.0
42-20670,06,3,20.0
42-20670,07,3,20.0
42-20670,08,3,20.0
42-20670,09,3,20.0
42-20670,10,3,20.0
42-20670,11,3,20.0
42-20670,12,3,20.0
42-20670,13,3,20.0
42-20670,14,2,30.0
42-20670,15,3,20.0
42-20670,16,4,15.0
42-20670,17,4,15.0
42-20670,18,3,20.0
42-20670,19,3,20.0
42-20670,20,2,30.0
42-20670,21,3,20.0
42-20670,22,3,20.0
42-20670,23,3,20.0
42-20670,24,2,30.0
42-20670,25,1,60.0
421-20670,05,1,60.0
421-20670,06,2,30.0
421-20670,07,2,30.0
421-20670,08,2,30.0
421-20670,09,2,30.0
421-20670,10,2,30.0
421-20670,11,2,30.0
421-20670,12,2,30.0
421-20670,13,2,30.0
421-20670,14,2,30.0
421-20670,15,2,30.0
421-20670,16,2,30.0
421-20670,17,2,30.0
421-20670,18,2,30.0
421-20670,19,2,30.0
421-20670,20,2,30.0
421-20670,21,2,30.0
421-20670,22,2,30.0
421-20670,23,2,30.0
421-20670,24,1,60.0
422-20670,06,2,30.0
422-20670,07,2,30.0
422-20670,08,2,30.0
422-20670,09,2,30.0
422-20670,10,2,30.0
422-20670,11,2,30.0
422-20670,12,2,30.0
422-20670,13,2,30.0
422-20670,14,2,30.0
422-20670,15,2,30.0
422-20670,16,2,30.0
422-20670,17,2,30.0
422-20670,18,2,30.0
422-20670,19,2,30.0
422-20670,20,2,30.0
422-20670,21,2,30.0
43-20670,05,5,12.0
43-20670,06,7,8.571428571428571
43-20670,07,11,5.454545454545454
43-20670,08,8,7.5
43-20670,09,8,7.5
43-20670,10,8,7.5
43-20670,11,5,12.0
43-20670,12,6,10.0
43-20670,13,6,10.0
43-20670,14,4,15.0
43-20670,15,9,6.666666666666667
43-20670,16,10,6.0
43-20670,17,10,6.0
43-20670,18,11,5.454545454545454
43-20670,19,8,7.5
43-20670,20,4,15.0
43-20670,21,4,15.0
43-20670,22,4,15.0
43-20670,23,4,15.0
43-20670,24,4,15.0
43-20670,25,4,15.0
44-20670,05,2,30.0
44-20670,06,2,30.0
44-20670,07,4,15.0
44-20670,08,2,30.0
44-20670,09,4,15.0
44-20670,10,2,30.0
44-20670,11,4,15.0
44-20670,12,2,30.0
44-20670,13,4,15.0
44-20670,14,2,30.0
44-20670,15,4,15.0
44-20670,16,2,30.0
44-20670,17,4,15.0
44-20670,18,2,30.0
44-20670,19,4,15.0
440-20670,05,1,60.0
440-20670,06,3,20.0
440-20670,07,2,30.0
440-20670,08,3,20.0
440-20670,09,2,30.0
440-20670,15,2,30.0
440-20670,16,3,20.0
440-20670,17,2,30.0
440-20670,18,3,20.0
440-20670,19,2,30.0
444-20670,05,3,20.0
444-20670,06,3,20.0
444-20670,07,3,20.0
444-20670,08,3,20.0
444-20670,09,1,60.0
444-20670,14,1,60.0
444-20670,15,3,20.0
444-20670,16,3,20.0
444-20670,17,3,20.0
444-20670,18,3,20.0
444-20670,19,1,60.0
449-20670,06,2,30.0
449-20670,07,2,30.0
449-20670,08,2,30.0
449-20670,09,3,20.0
449-20670,10,2,30.0
449-20670,11,3,20.0
449-20670,12,2,30.0
449-20670,13,2,30.0
449-20670,14,3,20.0
449-20670,15,2,30.0
449-20670,16,3,20.0
449-20670,17,2,30.0
449-20670,18,2,30.0
453-20670,05,3,20.0
453-20670,06,4,15.0
453-20670,07,4,15.0
453-20670,08,4,15.0
453-20670,09,4,15.0
453-20670,10,4,15.0
453-20670,11,4,15.0
453-20670,12,4,15.0
453-20670,13,4,15.0
453-20670,14,4,15.0
453-20670,15,4,15.0
453-20670,16,4,15.0
453-20670,17,4,15.0
453-20670,18,4,15.0
453-20670,19,4,15.0
453-20670,20,4,15.0
453-20670,21,4,15.0
453-20670,22,4,15.0
453-20670,23,1,60.0
46-20670,05,1,60.0
46-20670,06,2,30.0
46-20670,07,2,30.0
46-20670,08,2,30.0
46-20670,09,2,30.0
46-20670,10,2,30.0
46-20670,11,2,30.0
46-20670,12,2,30.0
46-20670,13,2,30.0
46-20670,14,2,30.0
46-20670,15,2,30.0
46-20670,16,2,30.0
46-20670,17,2,30.0
46-20670,18,2,30.0
46-20670,19,2,30.0
46-20670,20,2,30.0
46-20670,21,2,30.0
46-20670,22,2,30.0
46-20670,23,2,30.0
46-20670,24,2,30.0
48-20670,05,1,60.0
48-20670,06,3,20.0
48-20670,07,3,20.0
48-20670,08,3,20.0
48-20670,09,3,20.0
48-20670,10,3,20.0
48-20670,11,3,20.0
48-20670,12,3,20.0
48-20670,13,3,20.0
48-20670,14,3,20.0
48-20670,15,4,15.0
48-20670,16,3,20.0
48-20670,17,3,20.0
48-20670,18,3,20.0
48-20670,19,3,20.0
48-20670,20,3,20.0
48-20670,21,3,20.0
48-20670,22,3,20.0
48-20670,23,2,30.0
48-20670,24,2,30.0
48-20670,25,1,60.0
49-20670,05,2,30.0
49-20670,06,3,20.0
49-20670,07,3,20.0
49-20670,08,3,20.0
49-20670,09,3,20.0
49-20670,10,3,20.0
49-20670,11,3,20.0
49-20670,12,3,20.0
49-20670,13,3,20.0
49-20670,14,3,20.0
49-20670,15,3,20.0
49-20670,16,3,20.0
49-20670,17,3,20.0
49-20670,18,3,20.0
49-20670,19,3,20.0
49-20670,20,3,20.0
49-20670,21,3,20.0
49-20670,22,3,20.0
49-20670,23,1,60.0
49-20670,24,2,30.0
49-20670,25,1,60.0
5-20670,06,2,30.0
5-20670,07,3,20.0
5-20670,08,3,20.0
5-20670,09,2,30.0
5-20670,10,3,20.0
5-20670,11,2,30.0
5-20670,12,2,30.0
5-20670,13,2,30.0
5-20670,14,3,20.0
5-20670,15,2,30.0
5-20670,16,3,20.0
5-20670,17,3,20.0
5-20670,18,3,20.0
5-20670,19,3,20.0
5-20670,20,2,30.0
5-20670,21,2,30.0
5-20670,22,2,30.0
5-20670,23,2,30.0
5-20670,24,2,30.0
502-20670,08,2,30.0
502-20670,09,3,20.0
502-20670,10,3,20.0
502-20670,11,3,20.0
502-20670,12,3,20.0
502-20670,13,3,20.0
502-20670,14,3,20.0
502-20670,15,3,20.0
502-20670,16,3,20.0
502-20670,17,3,20.0
502-20670,18,2,30.0
52-20670,05,2,30.0
52-20670,06,2,30.0
52-20670,07,2,30.0
52-20670,08,4,15.0
52-20670,09,2,30.0
52-20670,10,2,30.0
52-20670,11,2,30.0
52-20670,12,4,15.0
52-20670,13,2,30.0
52-20670,14,2,30.0
52-20670,15,4,15.0
52-20670,16,2,30.0
52-20670,17,2,30.0
52-20670,18,4,15.0
52-20670,19,2,30.0
52-20670,20,2,30.0
52-20670,21,3,20.0
52-20670,22,2,30.0
53-20670,05,1,60.0
53-20670,06,4,15.0
53-20670,07,4,15.0
53-20670,08,4,15.0
53-20670,09,4,15.0
53-20670,10,4,15.0
53-20670,11,4,15.0
53-20670,12,4,15.0
53-20670,13,4,15.0
53-20670,14,4,15.0
53-20670,15,4,15.0
53-20670,16,4,15.0
53-20670,17,4,15.0
53-20670,18,4,15.0
53-20670,19,4,15.0
53-20670,20,4,15.0
53-20670,21,4,15.0
53-20670,22,4,15.0
53-20670,23,1,60.0
54-20670,05,1,60.0
54-20670,06,2,30.0
54-20670,07,2,30.0
54-20670,08,2,30.0
54-20670,09,2,30.0
54-20670,10,2,30.0
54-20670,11,2,30.0
54-20670,12,2,30.0
54-20670,13,2,30.0
54-20670,14,2,30.0
54-20670,15,2,30.0
54-20670,16,2,30.0
54-20670,17,2,30.0
54-20670,18,2,30.0
54-20670,19,2,30.0
54-20670,20,2,30.0
54-20670,21,2,30.0
54-20670,22,2,30.0
54-20670,23,2,30.0
54-20670,24,1,60.0
55-20670,05,2,30.0
55-20670,06,4,15.0
55-20670,07,3,20.0
55-20670,08,3,20.0
55-20670,09,4,15.0
55-20670,10,3,20.0
55-20670,11,3,20.0
55-20670,12,4,15.0
55-20670,13,3,20.0
55-20670,14,3,20.0
55-20670,15,4,15.0
55-20670,16,3,20.0
55-20670,17,3,20.0
55-20670,18,4,15.0
55-20670,19,3,20.0
55-20670,20,2,30.0
55-20670,21,2,30.0
55-20670,22,2,30.0
55-20670,23,2,30.0
55-20670,24,2,30.0
55-20670,25,1,60.0
56-20670,05,2,30.0
56-20670,06,4,15.0
56-20670,07,3,20.0
56-20670,08,3,20.0
56-20670,09,4,15.0
56-20670,10,3,20.0
56-20670,11,4,15.0
56-20670,12,3,20.0
56-20670,13,4,15.0
56-20670,14,3,20.0
56-20670,15,3,20.0
56-20670,16,4,15.0
56-20670,17,4,15.0
56-20670,18,3,20.0
56-20670,19,4,15.0
56-20670,20,4,15.0
56-20670,21,3,20.0
56-20670,22,3,20.0
56-20670,23,4,15.0
56-20670,24,2,30.0
57-20670,05,4,15.0
57-20670,06,4,15.0
57-20670,07,6,10.0
57-20670,08,4,15.0
57-20670,09,6,10.0
57-20670,10,5,12.0
57-20670,11,5,12.0
57-20670,12,5,12.0
57-20670,13,5,12.0
57-20670,14,6,10.0
57-20670,15,4,15.0
57-20670,16,6,10.0
57-20670,17,4,15.0
57-20670,18,6,10.0
57-20670,19,4,15.0
57-20670,20,6,10.0
57-20670,21,4,15.0
57-20670,22,4,15.0
57-20670,23,4,15.0
57-20670,24,4,15.0
57-20670,25,3,20.0
58-20670,05,3,20.0
58-20670,06,4,15.0
58-20670,07,4,15.0
58-20670,08,3,20.0
58-20670,09,5,12.0
58-20670,10,4,15.0
58-20670,11,4,15.0
58-20670,12,4,15.0
58-20670,13,4,15.0
58-20670,14,4,15.0
58-20670,15,7,8.571428571428571
58-20670,16,4,15.0
58-20670,17,4,15.0
58-20670,18,4,15.0
58-20670,19,4,15.0
58-20670,20,4,15.0
58-20670,21,4,15.0
58-20670,22,4,15.0
58-20670,23,4,15.0
58-20670,24,4,15.0
58-20670,25,1,60.0
59-20670,05,2,30.0
59-20670,06,2,30.0
59-20670,07,3,20.0
59-20670,08,2,30.0
59-20670,09,2,30.0
59-20670,10,1,60.0
59-20670,11,2,30.0
59-20670,12,1,60.0
59-20670,13,1,60.0
59-20670,14,2,30.0
59-20670,15,1,60.0
59-20670,16,3,20.0
59-20670,17,2,30.0
59-20670,18,2,30.0
59-20670,19,2,30.0
59-20670,20,2,30.0
59-20670,21,1,60.0
59-20670,22,1,60.0
6-20670,05,2,30.0
6-20670,06,4,15.0
6-20670,07,6,10.0
6-20670,08,4,15.0
6-20670,09,6,10.0
6-20670,10,6,10.0
6-20670,11,4,15.0
6-20670,12,6,10.0
6-20670,13,4,15.0
6-20670,14,6,10.0
6-20670,15,5,12.0
6-20670,16,5,12.0
6-20670,17,6,10.0
6-20670,18,4,15.0
6-20670,19,5,12.0
6-20670,20,4,15.0
6-20670,21,4,15.0
6-20670,22,5,12.0
6-20670,23,4,15.0
6-20670,24,2,30.0
6-20670,25,1,60.0
60-20670,05,2,30.0
60-20670,06,2,30.0
60-20670,07,2,30.0
60-20670,08,2,30.0
60-20670,09,2,30.0
60-20670,10,2,30.0
60-20670,11,2,30.0
60-20670,12,2,30.0
60-20670,13,2,30.0
60-20670,14,2,30.0
60-20670,15,2,30.0
60-20670,16,2,30.0
60-20670,17,2,30.0
60-20670,18,2,30.0
60-20670,19,2,30.0
60-20670,20,2,30.0
60-20670,21,2,30.0
60-20670,22,2,30.0
60-20670,23,2,30.0
60-20670,24,1,60.0
61-20670,05,2,30.0
61-20670,06,3,20.0
61-20670,07,2,30.0
61-20670,08,2,30.0
61-20670,09,2,30.0
61-20670,10,2,30.0
61-20670,11,2,30.0
61-20670,12,2,30.0
61-20670,13,2,30.0
61-20670,14,2,30.0
61-20670,15,2,30.0
61-20670,16,2,30.0
61-20670,17,2,30.0
61-20670,18,1,60.0
61-20670,19,2,30.0
61-20670,20,2,30.0
61-20670,21,2,30.0
61-20670,22,2,30.0
61-20670,23,2,30.0
61-20670,24,2,30.0
61-20670,25,1,60.0
62-20670,06,1,60.0
62-20670,07,2,30.0
62-20670,17,2,30.0
62-20670,18,1,60.0
64-20670,06,1,60.0
64-20670,07,3,20.0
64-20670,08,1,60.0
64-20670,16,2,30.0
64-20670,17,3,20.0
64-20670,18,1,60.0
65-20670,05,1,60.0
65-20670,06,5,12.0
65-20670,07,6,10.0
65-20670,08,6,10.0
65-20670,09,3,20.0
65-20670,10,4,15.0
65-20670,11,2,30.0
65-20670,12,4,15.0
65-20670,13,2,30.0
65-20670,14,4,15.0
65-20670,15,4,15.0
65-20670,16,6,10.0
65-20670,17,6,10.0
65-20670,18,6,10.0
65-20670,19,4,15.0
65-20670,20,2,30.0
65-20670,21,4,15.0
65-20670,22,2,30.0
65-20670,23,4,15.0
65-20670,24,1,60.0
66-20670,05,3,20.0
66-20670,06,6,10.0
66-20670,07,5,12.0
66-20670,08,5,12.0
66-20670,09,5,12.0
66-20670,10,5,12.0
66-20670,11,6,10.0
66-20670,12,5,12.0
66-20670,13,5,12.0
66-20670,14,5,12.0
66-20670,15,5,12.0
66-20670,16,6,10.0
66-20670,17,5,12.0
66-20670,18,5,12.0
66-20670,19,4,15.0
66-20670,20,4,15.0
66-20670,21,2,30.0
66-20670,22,4,15.0
66-20670,23,4,15.0
66-20670,24,3,20.0
67-20670,05,3,20.0
67-20670,06,4,15.0
67-20670,07,4,15.0
67-20670,08,4,15.0
67-20670,09,5,12.0
67-20670,10,4,15.0
67-20670,11,4,15.0
67-20670,12,4,15.0
67-20670,13,4,15.0
67-20670,14,4,15.0
67-20670,15,3,20.0
67-20670,16,4,15.0
67-20670,17,4,15.0
67-20670,18,4,15.0
67-20670,19,5,12.0
67-20670,20,3,20.0
67-20670,21,5,12.0
67-20670,22,4,15.0
67-20670,23,4,15.0
68-20670,06,2,30.0
68-20670,07,4,15.0
68-20670,08,4,15.0
68-20670,09,2,30.0
68-20670,15,4,15.0
68-20670,16,3,20.0
68-20670,17,3,20.0
68-20670,18,3,20.0
69-20670,07,1,60.0
69-20670,17,1,60.0
7-20670,06,4,15.0
7-20670,07,6,10.0
7-20670,08,6,10.0
7-20670,09,6,10.0
7-20670,10,6,10.0
7-20670,11,6,10.0
7-20670,12,6,10.0
7-20670,13,6,10.0
7-20670,14,6,10.0
7-20670,15,6,10.0
7-20670,16,6,10.0
7-20670,17,6,10.0
7-20670,18,6,10.0
7-20670,19,5,12.0
7-20670,20,4,15.0
7-20670,21,4,15.0
7-20670,22,4,15.0
7-20670,23,4,15.0
7-20670,24,3,20.0
70-20670,06,1,60.0
70-20670,07,1,60.0
70-20670,17,2,30.0
71-20670,05,3,20.0
71-20670,06,6,10.0
71-20670,07,6,10.0
71-20670,08,4,15.0
71-20670,09,6,10.0
71-20670,10,4,15.0
71-20670,11,6,10.0
71-20670,12,6,10.0
71-20670,13,4,15.0
71-20670,14,6,10.0
71-20670,15,4,15.0
71-20670,16,6,10.0
71-20670,17,6,10.0
71-20670,18,4,15.0
71-20670,19,6,10.0
71-20670,20,4,15.0
71-20670,21,4,15.0
71-20670,22,6,10.0
71-20670,23,4,15.0
71-20670,24,6,10.0
71-20670,25,2,30.0
74-20670,05,2,30.0
74-20670,06,2,30.0
74-20670,07,2,30.0
74-20670,08,2,30.0
74-20670,09,2,30.0
74-20670,10,2,30.0
74-20670,11,2,30.0
74-20670,12,2,30.0
74-20670,13,2,30.0
74-20670,14,2,30.0
74-20670,15,2,30.0
74-20670,16,2,30.0
74-20670,17,2,30.0
74-20670,18,2,30.0
74-20670,19,2,30.0
74-20670,20,2,30.0
74-20670,21,2,30.0
74-20670,22,2,30.0
74-20670,23,2,30.0
75-20670,05,2,30.0
75-20670,06,4,15.0
75-20670,07,5,12.0
75-20670,08,5,12.0
75-20670,09,5,12.0
75-20670,10,4,15.0
75-20670,11,3,20.0
75-20670,12,4,15.0
75-20670,13,3,20.0
75-20670,14,4,15.0
75-20670,15,4,15.0
75-20670,16,6,10.0
75-20670,17,6,10.0
75-20670,18,7,8.571428571428571
75-20670,19,6,10.0
75-20670,20,3,20.0
75-20670,21,4,15.0
75-20670,22,4,15.0
75-20670,23,3,20.0
75-20670,24,4,15.0
76-20670,05,2,30.0
76-20670,06,4,15.0
76-20670,07,5,12.0
76-20670,08,4,15.0
76-20670,09,4,15.0
76-20670,10,4,15.0
76-20670,11,4,15.0
76-20670,12,4,15.0
76-20670,13,4,15.0
76-20670,14,4,15.0
76-20670,15,5,12.0
76-20670,16,4,15.0
76-20670,17,4,15.0
76-20670,18,4,15.0
76-20670,19,4,15.0
76-20670,20,4,15.0
76-20670,21,4,15.0
76-20670,22,4,15.0
76-20670,23,4,15.0
76-20670,24,4,15.0
76-20670,25,1,60.0
77-20670,05,1,60.0
77-20670,06,2,30.0
77-20670,07,1,60.0
77-20670,08,2,30.0
77-20670,09,3,20.0
77-20670,10,2,30.0
77-20670,11,2,30.0
77-20670,12,2,30.0
77-20670,13,2,30.0
77-20670,14,2,30.0
77-20670,15,1,60.0
77-20670,16,2,30.0
77-20670,17,2,30.0
77-20670,18,3,20.0
77-20670,19,2,30.0
77-20670,20,2,30.0
77-20670,21,2,30.0
77-20670,22,2,30.0
77-20670,23,2,30.0
77-20670,24,1,60.0
78-20670,05,4,15.0
78-20670,06,4,15.0
78-20670,07,4,15.0
78-20670,08,4,15.0
78-20670,09,4,15.0
78-20670,10,4,15.0
78-20670,11,4,15.0
78-20670,12,4,15.0
78-20670,13,4,15.0
78-20670,14,4,15.0
78-20670,15,4,15.0
78-20670,16,4,15.0
78-20670,17,4,15.0
78-20670,18,4,15.0
78-20670,19,4,15.0
78-20670,20,4,15.0
78-20670,21,4,15.0
78-20670,22,4,15.0
78-20670,23,4,15.0
78-20670,24,2,30.0
79-20670,04,1,60.0
79-20670,05,5,12.0
79-20670,06,5,12.0
79-20670,07,5,12.0
79-20670,08,5,12.0
79-20670,09,3,20.0
79-20670,10,4,15.0
79-20670,11,4,15.0
79-20670,12,4,15.0
79-20670,13,4,15.0
79-20670,14,4,15.0
79-20670,15,4,15.0
79-20670,16,5,12.0
79-20670,17,5,12.0
79-20670,18,5,12.0
79-20670,19,4,15.0
8-20670,05,3,20.0
8-20670,06,5,12.0
8-20670,07,6,10.0
8-20670,08,8,7.5
8-20670,09,6,10.0
8-20670,10,6,10.0
8-20670,11,5,12.0
8-20670,12,6,10.0
8-20670,13,5,12.0
8-20670,14,6,10.0
8-20670,15,6,10.0
8-20670,16,6,10.0
8-20670,17,6,10.0
8-20670,18,6,10.0
8-20670,19,6,10.0
8-20670,20,5,12.0
8-20670,21,4,15.0
8-20670,22,4,15.0
8-20670,23,4,15.0
8-20670,24,3,20.0
8-20670,25,4,15.0
81-20670,06,4,15.0
81-20670,07,3,20.0
81-20670,08,3,20.0
81-20670,09,4,15.0
81-20670,10,4,15.0
81-20670,11,4,15.0
81-20670,12,3,20.0
81-20670,13,4,15.0
81-20670,14,3,20.0
81-20670,15,4,15.0
81-20670,16,4,15.0
81-20670,17,3,20.0
81-20670,18,4,15.0
81-20670,19,4,15.0
81-20670,20,1,60.0
82-20670,06,2,30.0
82-20670,07,4,15.0
82-20670,08,5,12.0
82-20670,09,3,20.0
82-20670,10,4,15.0
82-20670,11,4,15.0
82-20670,12,4,15.0
82-20670,13,4,15.0
82-20670,14,4,15.0
82-20670,15,5,12.0
82-20670,16,4,15.0
82-20670,17,4,15.0
82-20670,18,4,15.0
82-20670,19,3,20.0
83-20670,05,1,60.0
83-20670,06,2,30.0
83-20670,07,2,30.0
83-20670,08,2,30.0
83-20670,09,2,30.0
83-20670,10,2,30.0
83-20670,11,2,30.0
83-20670,12,2,30.0
83-20670,13,2,30.0
83-20670,14,2,30.0
83-20670,15,2,30.0
83-20670,16,2,30.0
83-20670,17,2,30.0
83-20670,18,2,30.0
83-20670,19,2,30.0
83-20670,20,2,30.0
83-20670,21,2,30.0
83-20670,22,2,30.0
83-20670,23,2,30.0
85-20670,04,1,60.0
85-20670,05,4,15.0
85-20670,06,5,12.0
85-20670,07,5,12.0
85-20670,08,4,15.0
85-20670,09,6,10.0
85-20670,10,3,20.0
85-20670,11,2,30.0
85-20670,12,3,20.0
85-20670,13,3,20.0
85-20670,14,2,30.0
85-20670,15,4,15.0
85-20670,16,5,12.0
85-20670,17,4,15.0
85-20670,18,6,10.0
85-20670,19,2,30.0
85-20670,20,3,20.0
85-20670,21,3,20.0
85-20670,22,2,30.0
86-20670,05,4,15.0
86-20670,06,4,15.0
86-20670,07,6,10.0
86-20670,08,6,10.0
86-20670,09,4,15.0
86-20670,10,4,15.0
86-20670,11,4,15.0
86-20670,12,4,15.0
86-20670,13,4,15.0
86-20670,14,4,15.0
86-20670,15,4,15.0
86-20670,16,4,15.0
86-20670,17,4,15.0
86-20670,18,4,15.0
86-20670,19,3,20.0
86-20670,20,3,20.0
86-20670,21,3,20.0
86-20670,22,3,20.0
86-20670,23,4,15.0
86-20670,24,2,30.0
86-20670,25,2,30.0
87-20670,05,3,20.0
87-20670,06,4,15.0
87-20670,07,4,15.0
87-20670,08,4,15.0
87-20670,09,4,15.0
87-20670,10,4,15.0
87-20670,11,5,12.0
87-20670,12,4,15.0
87-20670,13,4,15.0
87-20670,14,4,15.0
87-20670,15,3,20.0
87-20670,16,5,12.0
87-20670,17,4,15.0
87-20670,18,4,15.0
87-20670,19,4,15.0
87-20670,20,4,15.0
87-20670,21,4,15.0
87-20670,22,4,15.0
87-20670,23,4,15.0
87-20670,24,1,60.0
88-20670,05,2,30.0
88-20670,06,2,30.0
88-20670,07,2,30.0
88-20670,08,2,30.0
88-20670,09,2,30.0
88-20670,10,2,30.0
88-20670,11,2,30.0
88-20670,12,2,30.0
88-20670,13,2,30.0
88-20670,14,2,30.0
88-20670,15,2,30.0
88-20670,16,2,30.0
88-20670,17,2,30.0
88-20670,18,2,30.0
88-20670,19,2,30.0
88-20670,20,2,30.0
88-20670,21,2,30.0
88-20670,22,2,30.0
88-20670,23,2,30.0
89-20670,05,1,60.0
89-20670,06,2,30.0
89-20670,07,3,20.0
89-20670,08,3,20.0
89-20670,09,1,60.0
89-20670,16,3,20.0
89-20670,17,2,30.0
89-20670,18,2,30.0
89-20670,19,1,60.0
9-20670,05,3,20.0
9-20670,06,5,12.0
9-20670,07,5,12.0
9-20670,08,7,8.571428571428571
9-20670,09,7,8.571428571428571
9-20670,10,6,10.0
9-20670,11,6,10.0
9-20670,12,6,10.0
9-20670,13,6,10.0
9-20670,14,6,10.0
9-20670,15,6,10.0
9-20670,16,8,7.5
9-20670,17,7,8.571428571428571
9-20670,18,6,10.0
9-20670,19,7,8.571428571428571
9-20670,20,4,15.0
9-20670,21,4,15.0
9-20670,22,4,15.0
9-20670,23,4,15.0
9-20670,24,4,15.0
9-20670,25,5,12.0
90-20670,06,3,20.0
90-20670,07,4,15.0
90-20670,08,4,15.0
90-20670,09,3,20.0
90-20670,10,4,15.0
90-20670,11,4,15.0
90-20670,12,4,15.0
90-20670,13,3,20.0
90-20670,14,4,15.0
90-20670,15,4,15.0
90-20670,16,3,20.0
90-20670,17,4,15.0
90-20670,18,4,15.0
90-20670,19,4,15.0
90-20670,20,4,15.0
90-20670,21,4,15.0
90-20670,22,3,20.0
90-20670,23,2,30.0
91-20670,06,4,15.0
91-20670,07,6,10.0
91-20670,08,5,12.0
91-20670,09,6,10.0
91-20670,10,6,10.0
91-20670,11,5,12.0
91-20670,12,6,10.0
91-20670,13,6,10.0
91-20670,14,6,10.0
91-20670,15,5,12.0
91-20670,16,6,10.0
91-20670,17,6,10.0
91-20670,18,5,12.0
91-20670,19,6,10.0
91-20670,20,6,10.0
91-20670,21,6,10.0
91-20670,22,6,10.0
91-20670,23,5,12.0
91-20670,24,3,20.0
92-20670,05,3,20.0
92-20670,06,4,15.0
92-20670,07,4,15.0
92-20670,08,4,15.0
92-20670,09,4,15.0
92-20670,10,4,15.0
92-20670,11,4,15.0
92-20670,12,4,15.0
92-20670,13,4,15.0
92-20670,14,4,15.0
92-20670,15,4,15.0
92-20670,16,4,15.0
92-20670,17,4,15.0
92-20670,18,2,30.0
92-20670,19,4,15.0
92-20670,20,2,30.0
92-20670,21,2,30.0
92-20670,22,4,15.0
92-20670,23,2,30.0
92-20670,24,2,30.0
93-20670,05,3,20.0
93-20670,06,4,15.0
93-20670,07,4,15.0
93-20670,08,4,15.0
93-20670,09,4,15.0
93-20670,10,4,15.0
93-20670,11,4,15.0
93-20670,12,4,15.0
93-20670,13,4,15.0
93-20670,14,4,15.0
93-20670,15,4,15.0
93-20670,16,4,15.0
93-20670,17,4,15.0
93-20670,18,5,12.0
93-20670,19,4,15.0
93-20670,20,4,15.0
93-20670,21,4,15.0
93-20670,22,3,20.0
93-20670,23,5,12.0
93-20670,24,1,60.0
95-20670,05,1,60.0
95-20670,06,2,30.0
95-20670,07,2,30.0
95-20670,08,2,30.0
95-20670,09,1,60.0
95-20670,15,1,60.0
95-20670,16,2,30.0
95-20670,17,2,30.0
95-20670,18,2,30.0
96-20670,05,2,30.0
96-20670,06,4,15.0
96-20670,07,4,15.0
96-20670,08,4,15.0
96-20670,09,4,15.0
96-20670,10,4,15.0
96-20670,11,4,15.0
96-20670,12,4,15.0
96-20670,13,4,15.0
96-20670,14,4,15.0
96-20670,15,4,15.0
96-20670,16,4,15.0
96-20670,17,5,12.0
96-20670,18,3,20.0
96-20670,19,4,15.0
96-20670,20,2,30.0
96-20670,21,2,30.0
96-20670,22,4,15.0
96-20670,23,2,30.0
96-20670,24,3,20.0
97-20670,05,3,20.0
97-20670,06,4,15.0
97-20670,07,4,15.0
97-20670,08,4,15.0
97-20670,09,4,15.0
97-20670,10,4,15.0
97-20670,11,4,15.0
97-20670,12,4,15.0
97-20670,13,4,15.0
97-20670,14,4,15.0
97-20670,15,4,15.0
97-20670,16,4,15.0
97-20670,17,4,15.0
97-20670,18,4,15.0
97-20670,19,4,15.0
97-20670,20,4,15.0
97-20670,21,4,15.0
97-20670,22,4,15.0
97-20670,23,3,20.0
97-20670,24,1,60.0
98-20670,05,4,15.0
98-20670,06,4,15.0
98-20670,07,4,15.0
98-20670,08,4,15.0
98-20670,09,4,15.0
98-20670,10,4,15.0
98-20670,11,4,15.0
98-20670,12,4,15.0
98-20670,13,4,15.0
98-20670,14,4,15.0
98-20670,15,4,15.0
98-20670,16,4,15.0
98-20670,17,4,15.0
98-20670,18,4,15.0
98-20670,19,4,15.0
98-20670,20,4,15.0
98-20670,21,4,15.0
98-20670,22,4,15.0
98-20670,23,3,20.0
99-20670,04,1,60.0
99-20670,05,3,20.0
99-20670,06,2,30.0
99-20670,07,4,15.0
99-20670,08,4,15.0
99-20670,09,4,15.0
99-20670,10,4,15.0
99-20670,11,4,15.0
99-20670,12,4,15.0
99-20670,13,4,15.0
99-20670,14,4,15.0
99-20670,15,4,15.0
99-20670,16,4,15.0
99-20670,17,4,15.0
99-20670,18,4,15.0
99-20670,19,4,15.0
99-20670,20,4,15.0
99-20670,21,4,15.0
99-20670,22,4,15.0
99-20670,23,4,15.0
99-20670,24,3,20.0
