route_id,end_hr,buses per hour,headway by hour
1-20573,05,2,30.0
1-20573,06,9,6.666666666666667
1-20573,07,9,6.666666666666667
1-20573,08,10,6.0
1-20573,09,10,6.0
1-20573,10,7,8.571428571428571
1-20573,11,7,8.571428571428571
1-20573,12,6,10.0
1-20573,13,6,10.0
1-20573,14,7,8.571428571428571
1-20573,15,6,10.0
1-20573,16,9,6.666666666666667
1-20573,17,10,6.0
1-20573,18,11,5.454545454545454
1-20573,19,11,5.454545454545454
1-20573,20,5,12.0
1-20573,21,5,12.0
1-20573,22,6,10.0
1-20573,23,4,15.0
1-20573,24,6,10.0
10-20573,06,2,30.0
10-20573,07,4,15.0
10-20573,08,5,12.0
10-20573,09,4,15.0
10-20573,10,4,15.0
10-20573,11,4,15.0
10-20573,12,4,15.0
10-20573,13,4,15.0
10-20573,14,4,15.0
10-20573,15,4,15.0
10-20573,16,4,15.0
10-20573,17,5,12.0
10-20573,18,5,12.0
10-20573,19,5,12.0
10-20573,20,4,15.0
10-20573,21,2,30.0
10-20573,22,4,15.0
10-20573,23,2,30.0
10-20573,24,4,15.0
100-20573,05,1,60.0
100-20573,06,6,10.0
100-20573,07,4,15.0
100-20573,08,6,10.0
100-20573,09,5,12.0
100-20573,10,4,15.0
100-20573,11,4,15.0
100-20573,12,4,15.0
100-20573,13,4,15.0
100-20573,14,4,15.0
100-20573,15,5,12.0
100-20573,16,4,15.0
100-20573,17,6,10.0
100-20573,18,5,12.0
100-20573,19,4,15.0
100-20573,20,4,15.0
100-20573,21,4,15.0
100-20573,22,4,15.0
100-20573,23,4,15.0
100-20573,24,4,15.0
100-20573,25,4,15.0
101-20573,06,4,15.0
101-20573,07,6,10.0
101-20573,08,6,10.0
101-20573,09,4,15.0
101-20573,10,2,30.0
101-20573,11,3,20.0
101-20573,12,3,20.0
101-20573,13,3,20.0
101-20573,14,3,20.0
101-20573,15,4,15.0
101-20573,16,5,12.0
101-20573,17,6,10.0
101-20573,18,5,12.0
101-20573,19,3,20.0
101-20573,20,3,20.0
101-20573,21,2,30.0
102-20573,07,3,20.0
102-20573,16,1,60.0
102-20573,17,2,30.0
103-20573,06,1,60.0
103-20573,07,4,15.0
103-20573,17,3,20.0
103-20573,18,2,30.0
104-20573,06,6,10.0
104-20573,07,8,7.5
104-20573,08,8,7.5
104-20573,09,4,15.0
104-20573,10,4,15.0
104-20573,11,4,15.0
104-20573,12,4,15.0
104-20573,13,4,15.0
104-20573,14,4,15.0
104-20573,15,8,7.5
104-20573,16,8,7.5
104-20573,17,8,7.5
104-20573,18,8,7.5
104-20573,19,4,15.0
104-20573,20,4,15.0
104-20573,21,4,15.0
104-20573,22,4,15.0
104-20573,23,4,15.0
104-20573,24,4,15.0
104-20573,25,1,60.0
105-20573,05,1,60.0
105-20573,06,4,15.0
105-20573,07,8,7.5
105-20573,08,8,7.5
105-20573,09,6,10.0
105-20573,10,4,15.0
105-20573,11,4,15.0
105-20573,12,4,15.0
105-20573,13,4,15.0
105-20573,14,4,15.0
105-20573,15,5,12.0
105-20573,16,8,7.5
105-20573,17,7,8.571428571428571
105-20573,18,4,15.0
105-20573,19,4,15.0
105-20573,20,3,20.0
105-20573,21,3,20.0
105-20573,22,3,20.0
106-20573,05,1,60.0
106-20573,06,3,20.0
106-20573,07,3,20.0
106-20573,08,2,30.0
106-20573,09,2,30.0
106-20573,10,2,30.0
106-20573,11,1,60.0
106-20573,12,2,30.0
106-20573,13,1,60.0
106-20573,14,1,60.0
106-20573,15,3,20.0
106-20573,16,3,20.0
106-20573,17,3,20.0
106-20573,18,1,60.0
109-20573,06,1,60.0
109-20573,07,4,15.0
109-20573,16,1,60.0
109-20573,17,3,20.0
11-20573,05,1,60.0
11-20573,06,2,30.0
11-20573,07,4,15.0
11-20573,08,6,10.0
11-20573,09,3,20.0
11-20573,10,2,30.0
11-20573,11,2,30.0
11-20573,12,2,30.0
11-20573,13,2,30.0
11-20573,14,2,30.0
11-20573,15,3,20.0
11-20573,16,4,15.0
11-20573,17,4,15.0
11-20573,18,5,12.0
11-20573,19,2,30.0
11-20573,20,2,30.0
11-20573,21,2,30.0
11-20573,22,1,60.0
110-20573,07,2,30.0
111-20573,06,7,8.571428571428571
111-20573,07,7,8.571428571428571
111-20573,08,8,7.5
111-20573,09,6,10.0
111-20573,10,4,15.0
111-20573,11,6,10.0
111-20573,12,4,15.0
111-20573,13,4,15.0
111-20573,14,6,10.0
111-20573,15,6,10.0
111-20573,16,7,8.571428571428571
111-20573,17,7,8.571428571428571
111-20573,18,6,10.0
111-20573,19,2,30.0
111-20573,20,3,20.0
111-20573,21,2,30.0
111-20573,22,2,30.0
111-20573,23,2,30.0
113-20573,05,2,30.0
113-20573,06,5,12.0
113-20573,07,5,12.0
113-20573,08,5,12.0
113-20573,09,5,12.0
113-20573,10,4,15.0
113-20573,11,4,15.0
113-20573,12,4,15.0
113-20573,13,4,15.0
113-20573,14,4,15.0
113-20573,15,4,15.0
113-20573,16,6,10.0
113-20573,17,6,10.0
113-20573,18,4,15.0
113-20573,19,3,20.0
113-20573,20,4,15.0
113-20573,21,3,20.0
113-20573,22,4,15.0
113-20573,23,3,20.0
113-20573,24,3,20.0
114-20573,05,2,30.0
114-20573,06,2,30.0
114-20573,07,2,30.0
114-20573,08,3,20.0
114-20573,09,2,30.0
114-20573,10,2,30.0
114-20573,11,2,30.0
114-20573,12,2,30.0
114-20573,13,2,30.0
114-20573,14,2,30.0
114-20573,15,2,30.0
114-20573,16,2,30.0
114-20573,17,2,30.0
114-20573,18,3,20.0
114-20573,19,2,30.0
114-20573,20,2,30.0
114-20573,21,1,60.0
114-20573,22,2,30.0
114-20573,23,2,30.0
114-20573,24,1,60.0
114-20573,25,1,60.0
115-20573,05,2,30.0
115-20573,06,4,15.0
115-20573,07,4,15.0
115-20573,08,6,10.0
115-20573,09,4,15.0
115-20573,10,2,30.0
115-20573,11,4,15.0
115-20573,12,4,15.0
115-20573,13,3,20.0
115-20573,14,3,20.0
115-20573,15,4,15.0
115-20573,16,5,12.0
115-20573,17,5,12.0
115-20573,18,5,12.0
115-20573,19,3,20.0
115-20573,20,3,20.0
115-20573,21,4,15.0
115-20573,22,3,20.0
115-20573,23,3,20.0
115-20573,24,2,30.0
116-20573,06,1,60.0
116-20573,07,6,10.0
116-20573,17,6,10.0
116-20573,18,1,60.0
117-20573,06,1,60.0
117-20573,07,4,15.0
117-20573,17,3,20.0
117-20573,18,1,60.0
118-20573,05,2,30.0
118-20573,06,3,20.0
118-20573,07,4,15.0
118-20573,08,4,15.0
118-20573,09,2,30.0
118-20573,10,2,30.0
118-20573,11,2,30.0
118-20573,12,2,30.0
118-20573,13,2,30.0
118-20573,14,2,30.0
118-20573,15,3,20.0
118-20573,16,4,15.0
118-20573,17,4,15.0
118-20573,18,3,20.0
118-20573,19,2,30.0
118-20573,20,2,30.0
118-20573,21,2,30.0
118-20573,22,2,30.0
118-20573,23,2,30.0
118-20573,24,2,30.0
118-20573,25,1,60.0
119-20573,06,2,30.0
119-20573,07,1,60.0
119-20573,08,1,60.0
119-20573,14,1,60.0
119-20573,15,1,60.0
119-20573,16,1,60.0
119-20573,17,1,60.0
119-20573,18,1,60.0
119-20573,23,1,60.0
12-20573,05,2,30.0
12-20573,06,4,15.0
12-20573,07,4,15.0
12-20573,08,4,15.0
12-20573,09,4,15.0
12-20573,10,2,30.0
12-20573,11,2,30.0
12-20573,12,2,30.0
12-20573,13,2,30.0
12-20573,14,2,30.0
12-20573,15,3,20.0
12-20573,16,4,15.0
12-20573,17,4,15.0
12-20573,18,5,12.0
12-20573,19,2,30.0
12-20573,20,2,30.0
12-20573,21,2,30.0
12-20573,22,2,30.0
12-20573,23,2,30.0
12-20573,24,2,30.0
120-20573,05,3,20.0
120-20573,06,5,12.0
120-20573,07,8,7.5
120-20573,08,7,8.571428571428571
120-20573,09,4,15.0
120-20573,10,4,15.0
120-20573,11,4,15.0
120-20573,12,4,15.0
120-20573,13,4,15.0
120-20573,14,4,15.0
120-20573,15,6,10.0
120-20573,16,6,10.0
120-20573,17,8,7.5
120-20573,18,6,10.0
120-20573,19,4,15.0
120-20573,20,3,20.0
120-20573,21,4,15.0
120-20573,22,3,20.0
120-20573,23,4,15.0
120-20573,24,3,20.0
123-20573,05,2,30.0
123-20573,06,5,12.0
123-20573,07,5,12.0
123-20573,08,6,10.0
123-20573,09,5,12.0
123-20573,10,4,15.0
123-20573,11,4,15.0
123-20573,12,4,15.0
123-20573,13,4,15.0
123-20573,14,4,15.0
123-20573,15,5,12.0
123-20573,16,5,12.0
123-20573,17,6,10.0
123-20573,18,4,15.0
123-20573,19,4,15.0
123-20573,20,4,15.0
123-20573,21,3,20.0
123-20573,22,3,20.0
123-20573,23,4,15.0
123-20573,24,3,20.0
123-20573,25,2,30.0
124-20573,05,3,20.0
124-20573,06,4,15.0
124-20573,07,6,10.0
124-20573,08,6,10.0
124-20573,09,4,15.0
124-20573,10,4,15.0
124-20573,11,4,15.0
124-20573,12,4,15.0
124-20573,13,4,15.0
124-20573,14,4,15.0
124-20573,15,6,10.0
124-20573,16,6,10.0
124-20573,17,4,15.0
124-20573,18,7,8.571428571428571
124-20573,19,3,20.0
124-20573,20,3,20.0
124-20573,21,4,15.0
124-20573,22,3,20.0
124-20573,23,3,20.0
124-20573,24,3,20.0
124-20573,25,3,20.0
125-20573,05,2,30.0
125-20573,06,3,20.0
125-20573,07,4,15.0
125-20573,08,4,15.0
125-20573,09,2,30.0
125-20573,10,2,30.0
125-20573,11,2,30.0
125-20573,12,2,30.0
125-20573,13,2,30.0
125-20573,14,2,30.0
125-20573,15,2,30.0
125-20573,16,2,30.0
125-20573,17,2,30.0
125-20573,18,2,30.0
125-20573,19,2,30.0
125-20573,20,2,30.0
125-20573,21,1,60.0
126-20573,06,3,20.0
126-20573,07,2,30.0
126-20573,08,2,30.0
126-20573,09,2,30.0
126-20573,10,2,30.0
126-20573,11,2,30.0
126-20573,12,2,30.0
126-20573,13,2,30.0
126-20573,14,2,30.0
126-20573,15,3,20.0
126-20573,16,4,15.0
126-20573,17,4,15.0
126-20573,18,3,20.0
126-20573,19,2,30.0
126-20573,20,2,30.0
126-20573,21,2,30.0
126-20573,22,2,30.0
126-20573,23,2,30.0
126-20573,24,1,60.0
127-20573,05,3,20.0
127-20573,06,4,15.0
127-20573,07,4,15.0
127-20573,08,4,15.0
127-20573,09,4,15.0
127-20573,10,4,15.0
127-20573,11,4,15.0
127-20573,12,4,15.0
127-20573,13,4,15.0
127-20573,14,4,15.0
127-20573,15,4,15.0
127-20573,16,4,15.0
127-20573,17,4,15.0
127-20573,18,4,15.0
127-20573,19,4,15.0
127-20573,20,3,20.0
127-20573,21,4,15.0
127-20573,22,3,20.0
127-20573,23,3,20.0
128-20573,05,2,30.0
128-20573,06,3,20.0
128-20573,07,3,20.0
128-20573,08,4,15.0
128-20573,09,3,20.0
128-20573,15,3,20.0
128-20573,16,4,15.0
128-20573,17,4,15.0
128-20573,18,4,15.0
128-20573,19,3,20.0
129-20573,05,1,60.0
129-20573,06,6,10.0
129-20573,07,8,7.5
129-20573,08,6,10.0
129-20573,09,5,12.0
129-20573,10,4,15.0
129-20573,11,4,15.0
129-20573,12,4,15.0
129-20573,13,4,15.0
129-20573,14,4,15.0
129-20573,15,6,10.0
129-20573,16,7,8.571428571428571
129-20573,17,8,7.5
129-20573,18,7,8.571428571428571
129-20573,19,5,12.0
129-20573,20,3,20.0
129-20573,21,4,15.0
129-20573,22,5,12.0
129-20573,23,4,15.0
129-20573,24,4,15.0
129-20573,25,1,60.0
13-20573,06,3,20.0
13-20573,07,7,8.571428571428571
13-20573,08,9,6.666666666666667
13-20573,09,8,7.5
13-20573,10,4,15.0
13-20573,11,6,10.0
13-20573,12,4,15.0
13-20573,13,4,15.0
13-20573,14,6,10.0
13-20573,15,5,12.0
13-20573,16,7,8.571428571428571
13-20573,17,8,7.5
13-20573,18,9,6.666666666666667
13-20573,19,4,15.0
13-20573,20,4,15.0
13-20573,21,3,20.0
13-20573,22,4,15.0
13-20573,23,4,15.0
13-20573,24,2,30.0
13-20573,25,1,60.0
133-20573,07,2,30.0
133-20573,17,1,60.0
133-20573,18,1,60.0
134-20573,05,1,60.0
134-20573,06,5,12.0
134-20573,07,7,8.571428571428571
134-20573,08,7,8.571428571428571
134-20573,09,5,12.0
134-20573,10,4,15.0
134-20573,11,4,15.0
134-20573,12,4,15.0
134-20573,13,4,15.0
134-20573,14,4,15.0
134-20573,15,7,8.571428571428571
134-20573,16,6,10.0
134-20573,17,8,7.5
134-20573,18,6,10.0
134-20573,19,4,15.0
134-20573,20,3,20.0
134-20573,21,4,15.0
134-20573,22,3,20.0
134-20573,23,3,20.0
134-20573,24,4,15.0
135-20573,05,3,20.0
135-20573,06,5,12.0
135-20573,07,5,12.0
135-20573,08,6,10.0
135-20573,09,3,20.0
135-20573,15,5,12.0
135-20573,16,5,12.0
135-20573,17,6,10.0
135-20573,18,5,12.0
138-20573,05,4,15.0
138-20573,06,5,12.0
138-20573,07,8,7.5
138-20573,08,8,7.5
138-20573,09,5,12.0
138-20573,10,4,15.0
138-20573,11,4,15.0
138-20573,12,4,15.0
138-20573,13,4,15.0
138-20573,14,4,15.0
138-20573,15,5,12.0
138-20573,16,7,8.571428571428571
138-20573,17,8,7.5
138-20573,18,9,6.666666666666667
138-20573,19,4,15.0
138-20573,20,4,15.0
138-20573,21,4,15.0
138-20573,22,4,15.0
138-20573,23,4,15.0
138-20573,24,4,15.0
138-20573,25,2,30.0
14-20573,04,1,60.0
14-20573,05,6,10.0
14-20573,06,10,6.0
14-20573,07,12,5.0
14-20573,08,12,5.0
14-20573,09,9,6.666666666666667
14-20573,10,4,15.0
14-20573,11,4,15.0
14-20573,12,4,15.0
14-20573,13,4,15.0
14-20573,14,4,15.0
14-20573,15,8,7.5
14-20573,16,12,5.0
14-20573,17,12,5.0
14-20573,18,11,5.454545454545454
14-20573,19,6,10.0
14-20573,20,4,15.0
14-20573,21,4,15.0
14-20573,22,4,15.0
14-20573,23,4,15.0
14-20573,24,4,15.0
142-20573,06,1,60.0
142-20573,07,4,15.0
142-20573,17,5,12.0
145-20573,05,5,12.0
145-20573,06,10,6.0
145-20573,07,13,4.615384615384615
145-20573,08,14,4.285714285714286
145-20573,09,7,8.571428571428571
145-20573,10,5,12.0
145-20573,11,5,12.0
145-20573,12,5,12.0
145-20573,13,4,15.0
145-20573,14,5,12.0
145-20573,15,8,7.5
145-20573,16,14,4.285714285714286
145-20573,17,12,5.0
145-20573,18,12,5.0
145-20573,19,5,12.0
145-20573,20,5,12.0
145-20573,21,5,12.0
145-20573,22,5,12.0
145-20573,23,5,12.0
145-20573,24,4,15.0
145-20573,25,5,12.0
146-20573,06,1,60.0
146-20573,07,3,20.0
146-20573,08,2,30.0
147-20573,05,1,60.0
147-20573,06,4,15.0
147-20573,07,4,15.0
147-20573,08,4,15.0
147-20573,09,2,30.0
147-20573,10,2,30.0
147-20573,11,2,30.0
147-20573,12,2,30.0
147-20573,13,2,30.0
147-20573,14,2,30.0
147-20573,15,4,15.0
147-20573,16,4,15.0
147-20573,17,4,15.0
147-20573,18,3,20.0
148-20573,05,4,15.0
148-20573,06,7,8.571428571428571
148-20573,07,8,7.5
148-20573,08,8,7.5
148-20573,09,5,12.0
148-20573,10,4,15.0
148-20573,11,4,15.0
148-20573,12,4,15.0
148-20573,13,4,15.0
148-20573,14,4,15.0
148-20573,15,5,12.0
148-20573,16,8,7.5
148-20573,17,8,7.5
148-20573,18,9,6.666666666666667
148-20573,19,4,15.0
148-20573,20,4,15.0
148-20573,21,4,15.0
148-20573,22,4,15.0
148-20573,23,4,15.0
148-20573,24,3,20.0
149-20573,05,3,20.0
149-20573,06,4,15.0
149-20573,07,4,15.0
149-20573,08,4,15.0
149-20573,09,4,15.0
149-20573,10,4,15.0
149-20573,11,2,30.0
149-20573,12,4,15.0
149-20573,13,2,30.0
149-20573,14,4,15.0
149-20573,15,4,15.0
149-20573,16,4,15.0
149-20573,17,4,15.0
149-20573,18,5,12.0
149-20573,19,4,15.0
15-20573,05,3,20.0
15-20573,06,6,10.0
15-20573,07,5,12.0
15-20573,08,6,10.0
15-20573,09,4,15.0
15-20573,10,4,15.0
15-20573,11,4,15.0
15-20573,12,4,15.0
15-20573,13,4,15.0
15-20573,14,4,15.0
15-20573,15,4,15.0
15-20573,16,5,12.0
15-20573,17,6,10.0
15-20573,18,5,12.0
15-20573,19,2,30.0
15-20573,20,2,30.0
15-20573,21,2,30.0
15-20573,22,2,30.0
15-20573,23,2,30.0
15-20573,24,1,60.0
150-20573,05,3,20.0
150-20573,06,5,12.0
150-20573,07,5,12.0
150-20573,08,6,10.0
150-20573,09,4,15.0
150-20573,10,4,15.0
150-20573,11,4,15.0
150-20573,12,4,15.0
150-20573,13,4,15.0
150-20573,14,6,10.0
150-20573,15,5,12.0
150-20573,16,5,12.0
150-20573,17,6,10.0
150-20573,18,4,15.0
150-20573,19,4,15.0
150-20573,20,1,60.0
151-20573,06,1,60.0
151-20573,07,2,30.0
151-20573,17,3,20.0
151-20573,18,1,60.0
152-20573,06,3,20.0
152-20573,07,3,20.0
152-20573,08,3,20.0
152-20573,09,1,60.0
152-20573,14,1,60.0
152-20573,15,3,20.0
152-20573,16,3,20.0
152-20573,17,3,20.0
152-20573,18,2,30.0
153-20573,06,2,30.0
153-20573,07,4,15.0
153-20573,08,6,10.0
153-20573,09,2,30.0
153-20573,10,3,20.0
153-20573,11,2,30.0
153-20573,12,2,30.0
153-20573,13,3,20.0
153-20573,14,2,30.0
153-20573,15,2,30.0
153-20573,16,4,15.0
153-20573,17,3,20.0
153-20573,18,3,20.0
153-20573,19,2,30.0
153-20573,20,3,20.0
153-20573,21,2,30.0
153-20573,22,2,30.0
153-20573,23,3,20.0
153-20573,24,2,30.0
153-20573,25,1,60.0
154-20573,05,2,30.0
154-20573,06,3,20.0
154-20573,07,4,15.0
154-20573,08,4,15.0
154-20573,09,3,20.0
154-20573,10,2,30.0
154-20573,11,2,30.0
154-20573,12,2,30.0
154-20573,13,2,30.0
154-20573,14,2,30.0
154-20573,15,1,60.0
154-20573,16,4,15.0
154-20573,17,4,15.0
154-20573,18,4,15.0
154-20573,19,2,30.0
154-20573,20,2,30.0
154-20573,21,2,30.0
154-20573,22,2,30.0
154-20573,23,1,60.0
154-20573,24,1,60.0
154-20573,25,1,60.0
155-20573,05,2,30.0
155-20573,06,6,10.0
155-20573,07,5,12.0
155-20573,08,5,12.0
155-20573,09,5,12.0
155-20573,10,4,15.0
155-20573,11,4,15.0
155-20573,12,3,20.0
155-20573,13,3,20.0
155-20573,14,5,12.0
155-20573,15,4,15.0
155-20573,16,6,10.0
155-20573,17,5,12.0
155-20573,18,5,12.0
155-20573,19,4,15.0
155-20573,20,3,20.0
155-20573,21,4,15.0
155-20573,22,4,15.0
155-20573,23,4,15.0
155-20573,24,4,15.0
156-20573,05,4,15.0
156-20573,06,7,8.571428571428571
156-20573,07,8,7.5
156-20573,08,8,7.5
156-20573,09,6,10.0
156-20573,10,4,15.0
156-20573,11,4,15.0
156-20573,12,4,15.0
156-20573,13,4,15.0
156-20573,14,4,15.0
156-20573,15,8,7.5
156-20573,16,8,7.5
156-20573,17,8,7.5
156-20573,18,6,10.0
156-20573,19,4,15.0
156-20573,20,4,15.0
156-20573,21,4,15.0
156-20573,22,4,15.0
156-20573,23,3,20.0
157-20573,05,3,20.0
157-20573,06,4,15.0
157-20573,07,4,15.0
157-20573,08,4,15.0
157-20573,09,4,15.0
157-20573,10,4,15.0
157-20573,11,4,15.0
157-20573,12,4,15.0
157-20573,13,4,15.0
157-20573,14,4,15.0
157-20573,15,4,15.0
157-20573,16,4,15.0
157-20573,17,4,15.0
157-20573,18,4,15.0
157-20573,19,4,15.0
157-20573,20,4,15.0
157-20573,21,4,15.0
157-20573,22,4,15.0
157-20573,23,4,15.0
157-20573,24,4,15.0
157-20573,25,1,60.0
158-20573,05,3,20.0
158-20573,06,4,15.0
158-20573,07,4,15.0
158-20573,08,4,15.0
158-20573,09,2,30.0
158-20573,10,2,30.0
158-20573,11,2,30.0
158-20573,12,2,30.0
158-20573,13,2,30.0
158-20573,14,2,30.0
158-20573,15,3,20.0
158-20573,16,4,15.0
158-20573,17,4,15.0
158-20573,18,4,15.0
158-20573,19,2,30.0
158-20573,20,2,30.0
158-20573,21,2,30.0
158-20573,22,2,30.0
158-20573,23,2,30.0
158-20573,24,2,30.0
158-20573,25,1,60.0
159-20573,05,4,15.0
159-20573,06,6,10.0
159-20573,07,5,12.0
159-20573,08,7,8.571428571428571
159-20573,09,4,15.0
159-20573,10,3,20.0
159-20573,11,3,20.0
159-20573,12,2,30.0
159-20573,13,3,20.0
159-20573,14,3,20.0
159-20573,15,6,10.0
159-20573,16,5,12.0
159-20573,17,6,10.0
159-20573,18,5,12.0
159-20573,19,4,15.0
159-20573,20,2,30.0
159-20573,21,3,20.0
159-20573,22,3,20.0
159-20573,23,2,30.0
159-20573,24,3,20.0
159-20573,25,2,30.0
161-20573,05,4,15.0
161-20573,06,4,15.0
161-20573,07,4,15.0
161-20573,08,4,15.0
161-20573,09,4,15.0
161-20573,10,4,15.0
161-20573,11,4,15.0
161-20573,12,4,15.0
161-20573,13,4,15.0
161-20573,14,4,15.0
161-20573,15,4,15.0
161-20573,16,4,15.0
161-20573,17,4,15.0
161-20573,18,4,15.0
161-20573,19,4,15.0
161-20573,20,4,15.0
161-20573,21,4,15.0
161-20573,22,4,15.0
161-20573,23,4,15.0
161-20573,24,4,15.0
161-20573,25,2,30.0
164-20573,06,3,20.0
164-20573,07,3,20.0
164-20573,08,3,20.0
164-20573,09,1,60.0
164-20573,15,3,20.0
164-20573,16,3,20.0
164-20573,17,3,20.0
164-20573,18,1,60.0
167-20573,06,3,20.0
167-20573,07,2,30.0
167-20573,08,3,20.0
167-20573,09,2,30.0
167-20573,15,2,30.0
167-20573,16,3,20.0
167-20573,17,2,30.0
167-20573,18,2,30.0
167-20573,19,1,60.0
168-20573,05,1,60.0
168-20573,06,2,30.0
168-20573,07,3,20.0
168-20573,08,2,30.0
168-20573,09,1,60.0
168-20573,15,2,30.0
168-20573,16,2,30.0
168-20573,17,3,20.0
168-20573,18,2,30.0
168-20573,19,1,60.0
169-20573,05,3,20.0
169-20573,06,3,20.0
169-20573,07,4,15.0
169-20573,08,4,15.0
169-20573,09,2,30.0
169-20573,10,2,30.0
169-20573,11,2,30.0
169-20573,12,2,30.0
169-20573,13,2,30.0
169-20573,14,2,30.0
169-20573,15,3,20.0
169-20573,16,3,20.0
169-20573,17,4,15.0
169-20573,18,4,15.0
169-20573,19,2,30.0
169-20573,20,2,30.0
169-20573,21,2,30.0
169-20573,22,2,30.0
169-20573,23,2,30.0
169-20573,24,2,30.0
169-20573,25,1,60.0
17-20573,05,1,60.0
17-20573,06,5,12.0
17-20573,07,5,12.0
17-20573,08,5,12.0
17-20573,09,4,15.0
17-20573,10,4,15.0
17-20573,11,2,30.0
17-20573,12,2,30.0
17-20573,13,4,15.0
17-20573,14,2,30.0
17-20573,15,4,15.0
17-20573,16,6,10.0
17-20573,17,4,15.0
17-20573,18,6,10.0
17-20573,19,2,30.0
17-20573,20,2,30.0
17-20573,21,4,15.0
17-20573,22,2,30.0
17-20573,23,3,20.0
17-20573,24,2,30.0
174-20573,05,2,30.0
174-20573,06,3,20.0
174-20573,07,4,15.0
174-20573,08,4,15.0
174-20573,09,2,30.0
174-20573,10,2,30.0
174-20573,11,2,30.0
174-20573,12,2,30.0
174-20573,13,2,30.0
174-20573,14,2,30.0
174-20573,15,3,20.0
174-20573,16,4,15.0
174-20573,17,4,15.0
174-20573,18,4,15.0
174-20573,19,2,30.0
174-20573,20,2,30.0
174-20573,21,2,30.0
174-20573,22,2,30.0
174-20573,23,2,30.0
174-20573,24,2,30.0
178-20573,06,4,15.0
178-20573,07,4,15.0
178-20573,08,4,15.0
178-20573,15,2,30.0
178-20573,16,5,12.0
178-20573,17,5,12.0
178-20573,18,4,15.0
19-20573,05,4,15.0
19-20573,06,4,15.0
19-20573,07,7,8.571428571428571
19-20573,08,6,10.0
19-20573,09,7,8.571428571428571
19-20573,10,5,12.0
19-20573,11,4,15.0
19-20573,12,4,15.0
19-20573,13,4,15.0
19-20573,14,4,15.0
19-20573,15,6,10.0
19-20573,16,5,12.0
19-20573,17,6,10.0
19-20573,18,6,10.0
19-20573,19,4,15.0
19-20573,20,5,12.0
19-20573,21,4,15.0
19-20573,22,5,12.0
19-20573,23,4,15.0
19-20573,24,5,12.0
19-20573,25,3,20.0
2-20573,05,1,60.0
2-20573,06,7,8.571428571428571
2-20573,07,8,7.5
2-20573,08,13,4.615384615384615
2-20573,09,6,10.0
2-20573,10,6,10.0
2-20573,11,6,10.0
2-20573,12,6,10.0
2-20573,13,6,10.0
2-20573,14,6,10.0
2-20573,15,6,10.0
2-20573,16,9,6.666666666666667
2-20573,17,13,4.615384615384615
2-20573,18,14,4.285714285714286
2-20573,19,8,7.5
2-20573,20,4,15.0
2-20573,21,5,12.0
2-20573,22,4,15.0
2-20573,23,6,10.0
2-20573,24,4,15.0
20-20573,05,2,30.0
20-20573,06,7,8.571428571428571
20-20573,07,11,5.454545454545454
20-20573,08,9,6.666666666666667
20-20573,09,13,4.615384615384615
20-20573,10,10,6.0
20-20573,11,6,10.0
20-20573,12,6,10.0
20-20573,13,6,10.0
20-20573,14,4,15.0
20-20573,15,8,7.5
20-20573,16,11,5.454545454545454
20-20573,17,10,6.0
20-20573,18,11,5.454545454545454
20-20573,19,10,6.0
20-20573,20,5,12.0
20-20573,21,5,12.0
20-20573,22,4,15.0
20-20573,23,4,15.0
20-20573,24,5,12.0
20-20573,25,4,15.0
21-20573,05,5,12.0
21-20573,06,5,12.0
21-20573,07,4,15.0
21-20573,08,5,12.0
21-20573,09,5,12.0
21-20573,10,3,20.0
21-20573,11,4,15.0
21-20573,12,3,20.0
21-20573,13,3,20.0
21-20573,14,4,15.0
21-20573,15,4,15.0
21-20573,16,5,12.0
21-20573,17,5,12.0
21-20573,18,4,15.0
21-20573,19,3,20.0
21-20573,20,2,30.0
21-20573,21,2,30.0
21-20573,22,2,30.0
21-20573,23,2,30.0
21-20573,24,2,30.0
21-20573,25,1,60.0
22-20573,05,1,60.0
22-20573,06,6,10.0
22-20573,07,8,7.5
22-20573,08,8,7.5
22-20573,09,8,7.5
22-20573,10,5,12.0
22-20573,11,5,12.0
22-20573,12,6,10.0
22-20573,13,5,12.0
22-20573,14,5,12.0
22-20573,15,7,8.571428571428571
22-20573,16,8,7.5
22-20573,17,8,7.5
22-20573,18,7,8.571428571428571
22-20573,19,6,10.0
22-20573,20,5,12.0
22-20573,21,4,15.0
22-20573,22,2,30.0
22-20573,23,4,15.0
22-20573,24,3,20.0
23-20573,04,1,60.0
23-20573,05,4,15.0
23-20573,06,10,6.0
23-20573,07,10,6.0
23-20573,08,12,5.0
23-20573,09,10,6.0
23-20573,10,6,10.0
23-20573,11,6,10.0
23-20573,12,6,10.0
23-20573,13,6,10.0
23-20573,14,6,10.0
23-20573,15,8,7.5
23-20573,16,13,4.615384615384615
23-20573,17,10,6.0
23-20573,18,11,5.454545454545454
23-20573,19,6,10.0
23-20573,20,4,15.0
23-20573,21,4,15.0
23-20573,22,6,10.0
23-20573,23,4,15.0
23-20573,24,4,15.0
23-20573,25,4,15.0
24-20573,05,2,30.0
24-20573,06,6,10.0
24-20573,07,6,10.0
24-20573,08,8,7.5
24-20573,09,6,10.0
24-20573,10,4,15.0
24-20573,11,4,15.0
24-20573,12,4,15.0
24-20573,13,4,15.0
24-20573,14,4,15.0
24-20573,15,5,12.0
24-20573,16,6,10.0
24-20573,17,7,8.571428571428571
24-20573,18,7,8.571428571428571
24-20573,19,6,10.0
24-20573,20,4,15.0
24-20573,21,4,15.0
24-20573,22,5,12.0
24-20573,23,4,15.0
24-20573,24,6,10.0
27-20573,06,1,60.0
27-20573,07,2,30.0
27-20573,08,4,15.0
27-20573,09,3,20.0
27-20573,10,3,20.0
27-20573,11,3,20.0
27-20573,12,3,20.0
27-20573,13,4,15.0
27-20573,14,6,10.0
27-20573,15,4,15.0
27-20573,16,3,20.0
27-20573,17,3,20.0
27-20573,18,3,20.0
27-20573,19,1,60.0
27-20573,20,2,30.0
27-20573,21,1,60.0
28-20573,05,2,30.0
28-20573,06,3,20.0
28-20573,07,3,20.0
28-20573,08,3,20.0
28-20573,09,3,20.0
28-20573,10,2,30.0
28-20573,11,2,30.0
28-20573,12,2,30.0
28-20573,13,2,30.0
28-20573,14,2,30.0
28-20573,15,3,20.0
28-20573,16,3,20.0
28-20573,17,3,20.0
28-20573,18,3,20.0
28-20573,19,2,30.0
28-20573,20,2,30.0
28-20573,21,2,30.0
28-20573,22,2,30.0
28-20573,23,1,60.0
28-20573,24,2,30.0
29-20573,05,1,60.0
29-20573,06,2,30.0
29-20573,07,4,15.0
29-20573,08,3,20.0
29-20573,09,2,30.0
29-20573,10,2,30.0
29-20573,11,1,60.0
29-20573,12,2,30.0
29-20573,13,2,30.0
29-20573,14,1,60.0
29-20573,15,2,30.0
29-20573,16,4,15.0
29-20573,17,3,20.0
29-20573,18,4,15.0
29-20573,19,2,30.0
29-20573,20,2,30.0
29-20573,21,2,30.0
29-20573,22,2,30.0
29-20573,23,1,60.0
29-20573,24,2,30.0
29-20573,25,1,60.0
299-20573,05,1,60.0
299-20573,06,4,15.0
299-20573,07,4,15.0
299-20573,08,3,20.0
299-20573,09,3,20.0
299-20573,10,2,30.0
299-20573,11,2,30.0
299-20573,12,2,30.0
299-20573,13,2,30.0
299-20573,14,2,30.0
299-20573,15,1,60.0
299-20573,16,4,15.0
299-20573,17,4,15.0
299-20573,18,4,15.0
299-20573,19,2,30.0
299-20573,20,2,30.0
299-20573,21,2,30.0
299-20573,22,2,30.0
299-20573,23,2,30.0
299-20573,24,2,30.0
299-20573,25,1,60.0
3-20573,05,3,20.0
3-20573,06,8,7.5
3-20573,07,11,5.454545454545454
3-20573,08,17,3.5294117647058822
3-20573,09,15,4.0
3-20573,10,10,6.0
3-20573,11,10,6.0
3-20573,12,10,6.0
3-20573,13,10,6.0
3-20573,14,10,6.0
3-20573,15,10,6.0
3-20573,16,13,4.615384615384615
3-20573,17,15,4.0
3-20573,18,15,4.0
3-20573,19,10,6.0
3-20573,20,10,6.0
3-20573,21,10,6.0
3-20573,22,8,7.5
3-20573,23,6,10.0
3-20573,24,6,10.0
30-20573,06,2,30.0
30-20573,07,4,15.0
30-20573,08,3,20.0
30-20573,09,2,30.0
30-20573,10,2,30.0
30-20573,11,2,30.0
30-20573,12,2,30.0
30-20573,13,2,30.0
30-20573,14,2,30.0
30-20573,15,2,30.0
30-20573,16,2,30.0
30-20573,17,2,30.0
30-20573,18,2,30.0
30-20573,19,2,30.0
30-20573,20,2,30.0
30-20573,21,1,60.0
300-20573,05,3,20.0
300-20573,06,5,12.0
300-20573,07,6,10.0
300-20573,08,5,12.0
300-20573,09,5,12.0
300-20573,10,4,15.0
300-20573,11,4,15.0
300-20573,12,4,15.0
300-20573,13,4,15.0
300-20573,14,4,15.0
300-20573,15,5,12.0
300-20573,16,6,10.0
300-20573,17,6,10.0
300-20573,18,6,10.0
300-20573,19,5,12.0
300-20573,20,4,15.0
300-20573,21,4,15.0
300-20573,22,4,15.0
300-20573,23,5,12.0
300-20573,24,3,20.0
301-20573,05,2,30.0
301-20573,06,12,5.0
301-20573,07,22,2.727272727272727
301-20573,08,23,2.608695652173913
301-20573,09,16,3.75
301-20573,10,8,7.5
301-20573,11,9,6.666666666666667
301-20573,12,9,6.666666666666667
301-20573,13,8,7.5
301-20573,14,8,7.5
301-20573,15,13,4.615384615384615
301-20573,16,19,3.1578947368421053
301-20573,17,22,2.727272727272727
301-20573,18,14,4.285714285714286
301-20573,19,9,6.666666666666667
301-20573,20,6,10.0
301-20573,21,6,10.0
301-20573,22,6,10.0
301-20573,23,5,12.0
301-20573,24,6,10.0
302-20573,04,1,60.0
302-20573,05,5,12.0
302-20573,06,10,6.0
302-20573,07,11,5.454545454545454
302-20573,08,14,4.285714285714286
302-20573,09,13,4.615384615384615
302-20573,10,6,10.0
302-20573,11,4,15.0
302-20573,12,5,12.0
302-20573,13,5,12.0
302-20573,14,5,12.0
302-20573,15,9,6.666666666666667
302-20573,16,12,5.0
302-20573,17,12,5.0
302-20573,18,14,4.285714285714286
302-20573,19,10,6.0
302-20573,20,4,15.0
302-20573,21,5,12.0
302-20573,22,6,10.0
302-20573,23,1,60.0
303-20573,05,1,60.0
303-20573,06,5,12.0
303-20573,07,8,7.5
303-20573,08,8,7.5
303-20573,09,8,7.5
303-20573,10,5,12.0
303-20573,11,5,12.0
303-20573,12,5,12.0
303-20573,13,5,12.0
303-20573,14,5,12.0
303-20573,15,6,10.0
303-20573,16,6,10.0
303-20573,17,8,7.5
303-20573,18,8,7.5
303-20573,19,8,7.5
303-20573,20,5,12.0
303-20573,21,6,10.0
303-20573,22,5,12.0
303-20573,23,5,12.0
303-20573,24,4,15.0
303-20573,25,1,60.0
304-20573,06,4,15.0
304-20573,07,9,6.666666666666667
304-20573,08,12,5.0
304-20573,09,11,5.454545454545454
304-20573,10,8,7.5
304-20573,11,5,12.0
304-20573,12,5,12.0
304-20573,13,6,10.0
304-20573,14,6,10.0
304-20573,15,6,10.0
304-20573,16,10,6.0
304-20573,17,12,5.0
304-20573,18,12,5.0
304-20573,19,5,12.0
304-20573,20,5,12.0
304-20573,21,4,15.0
304-20573,22,6,10.0
304-20573,23,4,15.0
305-20573,06,4,15.0
305-20573,07,8,7.5
305-20573,08,7,8.571428571428571
305-20573,15,1,60.0
305-20573,16,5,12.0
305-20573,17,8,7.5
305-20573,18,5,12.0
306-20573,06,4,15.0
306-20573,07,6,10.0
306-20573,08,6,10.0
306-20573,09,6,10.0
306-20573,10,5,12.0
306-20573,11,6,10.0
306-20573,12,5,12.0
306-20573,13,5,12.0
306-20573,14,5,12.0
306-20573,15,6,10.0
306-20573,16,6,10.0
306-20573,17,6,10.0
306-20573,18,6,10.0
306-20573,19,6,10.0
306-20573,20,4,15.0
306-20573,21,4,15.0
306-20573,22,3,20.0
307-20573,05,1,60.0
307-20573,06,9,6.666666666666667
307-20573,07,10,6.0
307-20573,08,10,6.0
307-20573,09,7,8.571428571428571
307-20573,10,6,10.0
307-20573,11,6,10.0
307-20573,12,5,12.0
307-20573,13,6,10.0
307-20573,14,6,10.0
307-20573,15,8,7.5
307-20573,16,10,6.0
307-20573,17,10,6.0
307-20573,18,10,6.0
307-20573,19,7,8.571428571428571
307-20573,20,4,15.0
307-20573,21,6,10.0
307-20573,22,4,15.0
307-20573,23,4,15.0
307-20573,24,3,20.0
31-20573,05,1,60.0
31-20573,06,6,10.0
31-20573,07,8,7.5
31-20573,08,8,7.5
31-20573,09,7,8.571428571428571
31-20573,10,5,12.0
31-20573,11,5,12.0
31-20573,12,5,12.0
31-20573,13,5,12.0
31-20573,14,5,12.0
31-20573,15,5,12.0
31-20573,16,7,8.571428571428571
31-20573,17,8,7.5
31-20573,18,9,6.666666666666667
31-20573,19,4,15.0
31-20573,20,4,15.0
31-20573,21,4,15.0
31-20573,22,4,15.0
31-20573,23,4,15.0
31-20573,24,4,15.0
32-20573,06,8,7.5
32-20573,07,8,7.5
32-20573,08,8,7.5
32-20573,09,6,10.0
32-20573,10,4,15.0
32-20573,11,4,15.0
32-20573,12,4,15.0
32-20573,13,4,15.0
32-20573,14,4,15.0
32-20573,15,6,10.0
32-20573,16,8,7.5
32-20573,17,8,7.5
32-20573,18,8,7.5
32-20573,19,4,15.0
32-20573,20,4,15.0
32-20573,21,5,12.0
32-20573,22,4,15.0
32-20573,23,5,12.0
33-20573,05,1,60.0
33-20573,06,5,12.0
33-20573,07,6,10.0
33-20573,08,6,10.0
33-20573,09,5,12.0
33-20573,10,4,15.0
33-20573,11,4,15.0
33-20573,12,4,15.0
33-20573,13,4,15.0
33-20573,14,4,15.0
33-20573,15,6,10.0
33-20573,16,5,12.0
33-20573,17,6,10.0
33-20573,18,6,10.0
33-20573,19,3,20.0
33-20573,20,2,30.0
33-20573,21,3,20.0
33-20573,22,1,60.0
34-20573,05,3,20.0
34-20573,06,3,20.0
34-20573,07,3,20.0
34-20573,08,4,15.0
34-20573,09,3,20.0
34-20573,10,3,20.0
34-20573,11,3,20.0
34-20573,12,3,20.0
34-20573,13,3,20.0
34-20573,14,3,20.0
34-20573,15,3,20.0
34-20573,16,3,20.0
34-20573,17,3,20.0
34-20573,18,4,15.0
34-20573,19,1,60.0
35-20573,05,3,20.0
35-20573,06,4,15.0
35-20573,07,4,15.0
35-20573,08,4,15.0
35-20573,09,2,30.0
35-20573,10,2,30.0
35-20573,11,2,30.0
35-20573,12,2,30.0
35-20573,13,2,30.0
35-20573,14,2,30.0
35-20573,15,4,15.0
35-20573,16,4,15.0
35-20573,17,4,15.0
35-20573,18,4,15.0
35-20573,19,2,30.0
35-20573,20,2,30.0
35-20573,21,2,30.0
35-20573,22,2,30.0
35-20573,23,2,30.0
36-20573,05,1,60.0
36-20573,06,2,30.0
36-20573,07,3,20.0
36-20573,08,3,20.0
36-20573,09,3,20.0
36-20573,10,2,30.0
36-20573,11,2,30.0
36-20573,12,2,30.0
36-20573,13,2,30.0
36-20573,14,2,30.0
36-20573,15,2,30.0
36-20573,16,3,20.0
36-20573,17,3,20.0
36-20573,18,3,20.0
36-20573,19,2,30.0
36-20573,20,2,30.0
36-20573,21,1,60.0
36-20573,22,1,60.0
36-20573,23,2,30.0
36-20573,24,1,60.0
36-20573,25,1,60.0
37-20573,04,3,20.0
37-20573,05,6,10.0
37-20573,06,7,8.571428571428571
37-20573,07,12,5.0
37-20573,08,12,5.0
37-20573,09,8,7.5
37-20573,10,8,7.5
37-20573,11,6,10.0
37-20573,12,6,10.0
37-20573,13,8,7.5
37-20573,14,7,8.571428571428571
37-20573,15,10,6.0
37-20573,16,13,4.615384615384615
37-20573,17,12,5.0
37-20573,18,12,5.0
37-20573,19,8,7.5
37-20573,20,6,10.0
37-20573,21,7,8.571428571428571
37-20573,22,6,10.0
37-20573,23,4,15.0
37-20573,24,4,15.0
37-20573,25,1,60.0
38-20573,05,7,8.571428571428571
38-20573,06,9,6.666666666666667
38-20573,07,9,6.666666666666667
38-20573,08,11,5.454545454545454
38-20573,09,10,6.0
38-20573,10,6,10.0
38-20573,11,7,8.571428571428571
38-20573,12,7,8.571428571428571
38-20573,13,6,10.0
38-20573,14,6,10.0
38-20573,15,9,6.666666666666667
38-20573,16,10,6.0
38-20573,17,10,6.0
38-20573,18,10,6.0
38-20573,19,5,12.0
38-20573,20,6,10.0
38-20573,21,4,15.0
38-20573,22,6,10.0
38-20573,23,4,15.0
38-20573,24,4,15.0
38-20573,25,4,15.0
4-20573,06,3,20.0
4-20573,07,6,10.0
4-20573,08,6,10.0
4-20573,09,3,20.0
4-20573,10,3,20.0
4-20573,11,3,20.0
4-20573,12,3,20.0
4-20573,13,3,20.0
4-20573,14,3,20.0
4-20573,15,3,20.0
4-20573,16,5,12.0
4-20573,17,6,10.0
4-20573,18,4,15.0
4-20573,19,2,30.0
4-20573,20,3,20.0
4-20573,21,2,30.0
4-20573,22,2,30.0
4-20573,23,2,30.0
4-20573,24,2,30.0
40-20573,06,2,30.0
40-20573,07,3,20.0
40-20573,08,4,15.0
40-20573,09,3,20.0
40-20573,10,3,20.0
40-20573,11,4,15.0
40-20573,12,3,20.0
40-20573,13,4,15.0
40-20573,14,3,20.0
40-20573,15,3,20.0
40-20573,16,4,15.0
40-20573,17,3,20.0
40-20573,18,4,15.0
40-20573,19,3,20.0
40-20573,20,4,15.0
40-20573,21,3,20.0
40-20573,22,3,20.0
40-20573,23,3,20.0
402-20573,05,2,30.0
402-20573,06,3,20.0
402-20573,07,4,15.0
402-20573,08,4,15.0
402-20573,09,3,20.0
402-20573,10,2,30.0
402-20573,11,2,30.0
402-20573,12,2,30.0
402-20573,13,2,30.0
402-20573,14,2,30.0
402-20573,15,4,15.0
402-20573,16,4,15.0
402-20573,17,4,15.0
402-20573,18,4,15.0
402-20573,19,2,30.0
402-20573,20,2,30.0
402-20573,21,2,30.0
402-20573,22,2,30.0
402-20573,23,2,30.0
402-20573,24,2,30.0
404-20573,06,1,60.0
404-20573,07,2,30.0
404-20573,08,2,30.0
404-20573,09,2,30.0
404-20573,10,2,30.0
404-20573,11,2,30.0
404-20573,12,2,30.0
404-20573,13,2,30.0
404-20573,14,2,30.0
404-20573,15,2,30.0
404-20573,16,2,30.0
404-20573,17,2,30.0
404-20573,18,2,30.0
404-20573,19,2,30.0
404-20573,20,1,60.0
406-20573,05,2,30.0
406-20573,06,5,12.0
406-20573,07,7,8.571428571428571
406-20573,08,7,8.571428571428571
406-20573,09,5,12.0
406-20573,10,5,12.0
406-20573,11,4,15.0
406-20573,12,4,15.0
406-20573,13,4,15.0
406-20573,14,4,15.0
406-20573,15,5,12.0
406-20573,16,8,7.5
406-20573,17,8,7.5
406-20573,18,7,8.571428571428571
406-20573,19,7,8.571428571428571
406-20573,20,4,15.0
406-20573,21,4,15.0
406-20573,22,4,15.0
406-20573,23,4,15.0
406-20573,24,4,15.0
408-20573,05,1,60.0
408-20573,06,3,20.0
408-20573,07,4,15.0
408-20573,08,4,15.0
408-20573,09,4,15.0
408-20573,10,4,15.0
408-20573,11,4,15.0
408-20573,12,4,15.0
408-20573,13,4,15.0
408-20573,14,4,15.0
408-20573,15,4,15.0
408-20573,16,4,15.0
408-20573,17,4,15.0
408-20573,18,4,15.0
408-20573,19,4,15.0
408-20573,20,4,15.0
408-20573,21,3,20.0
408-20573,22,2,30.0
408-20573,23,4,15.0
408-20573,24,3,20.0
408-20573,25,2,30.0
41-20573,06,2,30.0
41-20573,07,3,20.0
41-20573,08,3,20.0
41-20573,09,3,20.0
41-20573,10,2,30.0
41-20573,11,2,30.0
41-20573,12,2,30.0
41-20573,13,2,30.0
41-20573,14,2,30.0
41-20573,15,4,15.0
41-20573,16,3,20.0
41-20573,17,3,20.0
41-20573,18,2,30.0
414-20573,06,1,60.0
414-20573,07,5,12.0
414-20573,08,7,8.571428571428571
414-20573,09,3,20.0
414-20573,10,2,30.0
414-20573,11,2,30.0
414-20573,12,2,30.0
414-20573,13,2,30.0
414-20573,14,2,30.0
414-20573,15,3,20.0
414-20573,16,4,15.0
414-20573,17,4,15.0
414-20573,18,3,20.0
414-20573,19,2,30.0
42-20573,05,3,20.0
42-20573,06,5,12.0
42-20573,07,6,10.0
42-20573,08,6,10.0
42-20573,09,4,15.0
42-20573,10,3,20.0
42-20573,11,3,20.0
42-20573,12,3,20.0
42-20573,13,3,20.0
42-20573,14,2,30.0
42-20573,15,3,20.0
42-20573,16,6,10.0
42-20573,17,5,12.0
42-20573,18,6,10.0
42-20573,19,3,20.0
42-20573,20,3,20.0
42-20573,21,3,20.0
42-20573,22,3,20.0
42-20573,23,3,20.0
42-20573,24,2,30.0
42-20573,25,1,60.0
421-20573,05,1,60.0
421-20573,06,2,30.0
421-20573,07,4,15.0
421-20573,08,3,20.0
421-20573,09,2,30.0
421-20573,10,2,30.0
421-20573,11,2,30.0
421-20573,12,2,30.0
421-20573,13,2,30.0
421-20573,14,2,30.0
421-20573,15,2,30.0
421-20573,16,3,20.0
421-20573,17,4,15.0
421-20573,18,3,20.0
421-20573,19,2,30.0
421-20573,20,2,30.0
421-20573,21,2,30.0
421-20573,22,2,30.0
421-20573,23,2,30.0
421-20573,24,2,30.0
422-20573,06,4,15.0
422-20573,07,4,15.0
422-20573,08,4,15.0
422-20573,09,3,20.0
422-20573,10,2,30.0
422-20573,11,2,30.0
422-20573,12,2,30.0
422-20573,13,2,30.0
422-20573,14,3,20.0
422-20573,15,4,15.0
422-20573,16,4,15.0
422-20573,17,4,15.0
422-20573,18,4,15.0
422-20573,19,2,30.0
422-20573,20,2,30.0
422-20573,21,1,60.0
43-20573,05,5,12.0
43-20573,06,5,12.0
43-20573,07,9,6.666666666666667
43-20573,08,9,6.666666666666667
43-20573,09,10,6.0
43-20573,10,8,7.5
43-20573,11,6,10.0
43-20573,12,6,10.0
43-20573,13,6,10.0
43-20573,14,6,10.0
43-20573,15,6,10.0
43-20573,16,7,8.571428571428571
43-20573,17,10,6.0
43-20573,18,11,5.454545454545454
43-20573,19,9,6.666666666666667
43-20573,20,4,15.0
43-20573,21,4,15.0
43-20573,22,4,15.0
43-20573,23,4,15.0
43-20573,24,4,15.0
43-20573,25,4,15.0
430-20573,05,2,30.0
430-20573,06,4,15.0
430-20573,07,4,15.0
430-20573,08,4,15.0
430-20573,09,4,15.0
430-20573,10,4,15.0
430-20573,11,4,15.0
430-20573,12,4,15.0
430-20573,13,4,15.0
430-20573,14,4,15.0
430-20573,15,4,15.0
430-20573,16,4,15.0
430-20573,17,4,15.0
430-20573,18,4,15.0
430-20573,19,1,60.0
439-20573,05,5,12.0
439-20573,06,6,10.0
439-20573,07,6,10.0
439-20573,08,6,10.0
439-20573,09,4,15.0
439-20573,10,3,20.0
439-20573,11,3,20.0
439-20573,12,3,20.0
439-20573,13,3,20.0
439-20573,14,3,20.0
439-20573,15,5,12.0
439-20573,16,7,8.571428571428571
439-20573,17,6,10.0
439-20573,18,6,10.0
439-20573,19,3,20.0
439-20573,20,2,30.0
439-20573,21,3,20.0
439-20573,22,3,20.0
44-20573,05,2,30.0
44-20573,06,6,10.0
44-20573,07,6,10.0
44-20573,08,6,10.0
44-20573,09,4,15.0
44-20573,10,2,30.0
44-20573,11,4,15.0
44-20573,12,2,30.0
44-20573,13,4,15.0
44-20573,14,2,30.0
44-20573,15,6,10.0
44-20573,16,6,10.0
44-20573,17,6,10.0
44-20573,18,6,10.0
44-20573,19,6,10.0
440-20573,05,1,60.0
440-20573,06,3,20.0
440-20573,07,2,30.0
440-20573,08,3,20.0
440-20573,09,2,30.0
440-20573,15,2,30.0
440-20573,16,3,20.0
440-20573,17,2,30.0
440-20573,18,3,20.0
440-20573,19,2,30.0
444-20573,05,3,20.0
444-20573,06,6,10.0
444-20573,07,6,10.0
444-20573,08,6,10.0
444-20573,09,1,60.0
444-20573,14,1,60.0
444-20573,15,6,10.0
444-20573,16,6,10.0
444-20573,17,6,10.0
444-20573,18,6,10.0
444-20573,19,1,60.0
449-20573,06,2,30.0
449-20573,07,4,15.0
449-20573,08,4,15.0
449-20573,09,3,20.0
449-20573,10,2,30.0
449-20573,11,3,20.0
449-20573,12,2,30.0
449-20573,13,2,30.0
449-20573,14,3,20.0
449-20573,15,3,20.0
449-20573,16,4,15.0
449-20573,17,4,15.0
449-20573,18,5,12.0
453-20573,05,3,20.0
453-20573,06,8,7.5
453-20573,07,8,7.5
453-20573,08,8,7.5
453-20573,09,4,15.0
453-20573,10,4,15.0
453-20573,11,4,15.0
453-20573,12,4,15.0
453-20573,13,4,15.0
453-20573,14,4,15.0
453-20573,15,6,10.0
453-20573,16,8,7.5
453-20573,17,8,7.5
453-20573,18,6,10.0
453-20573,19,4,15.0
453-20573,20,4,15.0
453-20573,21,4,15.0
453-20573,22,4,15.0
453-20573,23,1,60.0
454-20573,05,1,60.0
454-20573,06,6,10.0
454-20573,07,6,10.0
454-20573,08,6,10.0
454-20573,09,4,15.0
454-20573,10,3,20.0
454-20573,11,4,15.0
454-20573,12,2,30.0
454-20573,13,4,15.0
454-20573,14,2,30.0
454-20573,15,6,10.0
454-20573,16,6,10.0
454-20573,17,6,10.0
454-20573,18,4,15.0
454-20573,19,3,20.0
454-20573,20,3,20.0
454-20573,21,2,30.0
454-20573,22,3,20.0
454-20573,23,1,60.0
46-20573,05,1,60.0
46-20573,06,3,20.0
46-20573,07,4,15.0
46-20573,08,4,15.0
46-20573,09,3,20.0
46-20573,10,2,30.0
46-20573,11,2,30.0
46-20573,12,2,30.0
46-20573,13,2,30.0
46-20573,14,2,30.0
46-20573,15,3,20.0
46-20573,16,4,15.0
46-20573,17,4,15.0
46-20573,18,4,15.0
46-20573,19,2,30.0
46-20573,20,2,30.0
46-20573,21,2,30.0
46-20573,22,2,30.0
46-20573,23,2,30.0
46-20573,24,2,30.0
468-20573,05,6,10.0
468-20573,06,6,10.0
468-20573,07,6,10.0
468-20573,08,6,10.0
468-20573,09,5,12.0
468-20573,10,4,15.0
468-20573,11,4,15.0
468-20573,12,4,15.0
468-20573,13,4,15.0
468-20573,14,4,15.0
468-20573,15,6,10.0
468-20573,16,6,10.0
468-20573,17,6,10.0
468-20573,18,6,10.0
468-20573,19,3,20.0
48-20573,05,1,60.0
48-20573,06,3,20.0
48-20573,07,4,15.0
48-20573,08,5,12.0
48-20573,09,3,20.0
48-20573,10,3,20.0
48-20573,11,3,20.0
48-20573,12,3,20.0
48-20573,13,4,15.0
48-20573,14,3,20.0
48-20573,15,3,20.0
48-20573,16,5,12.0
48-20573,17,4,15.0
48-20573,18,4,15.0
48-20573,19,3,20.0
48-20573,20,3,20.0
48-20573,21,3,20.0
48-20573,22,3,20.0
48-20573,23,2,30.0
48-20573,24,2,30.0
48-20573,25,1,60.0
49-20573,05,3,20.0
49-20573,06,4,15.0
49-20573,07,6,10.0
49-20573,08,6,10.0
49-20573,09,4,15.0
49-20573,10,3,20.0
49-20573,11,3,20.0
49-20573,12,3,20.0
49-20573,13,3,20.0
49-20573,14,3,20.0
49-20573,15,3,20.0
49-20573,16,6,10.0
49-20573,17,5,12.0
49-20573,18,6,10.0
49-20573,19,4,15.0
49-20573,20,3,20.0
49-20573,21,3,20.0
49-20573,22,3,20.0
49-20573,23,1,60.0
49-20573,24,2,30.0
49-20573,25,1,60.0
490-20573,04,1,60.0
496-20573,04,1,60.0
497-20573,04,1,60.0
5-20573,06,2,30.0
5-20573,07,7,8.571428571428571
5-20573,08,4,15.0
5-20573,09,3,20.0
5-20573,10,3,20.0
5-20573,11,3,20.0
5-20573,12,3,20.0
5-20573,13,3,20.0
5-20573,14,3,20.0
5-20573,15,3,20.0
5-20573,16,5,12.0
5-20573,17,6,10.0
5-20573,18,4,15.0
5-20573,19,3,20.0
5-20573,20,2,30.0
5-20573,21,2,30.0
5-20573,22,2,30.0
5-20573,23,2,30.0
5-20573,24,2,30.0
502-20573,08,2,30.0
502-20573,09,3,20.0
502-20573,17,3,20.0
502-20573,18,2,30.0
52-20573,05,2,30.0
52-20573,06,5,12.0
52-20573,07,6,10.0
52-20573,08,3,20.0
52-20573,09,4,15.0
52-20573,10,2,30.0
52-20573,11,2,30.0
52-20573,12,4,15.0
52-20573,13,2,30.0
52-20573,14,3,20.0
52-20573,15,3,20.0
52-20573,16,5,12.0
52-20573,17,4,15.0
52-20573,18,5,12.0
52-20573,19,4,15.0
52-20573,20,3,20.0
52-20573,21,3,20.0
52-20573,22,2,30.0
53-20573,05,1,60.0
53-20573,06,5,12.0
53-20573,07,6,10.0
53-20573,08,6,10.0
53-20573,09,5,12.0
53-20573,10,4,15.0
53-20573,11,4,15.0
53-20573,12,4,15.0
53-20573,13,4,15.0
53-20573,14,5,12.0
53-20573,15,6,10.0
53-20573,16,6,10.0
53-20573,17,6,10.0
53-20573,18,6,10.0
53-20573,19,2,30.0
53-20573,20,4,15.0
53-20573,21,4,15.0
53-20573,22,4,15.0
53-20573,23,1,60.0
54-20573,05,1,60.0
54-20573,06,2,30.0
54-20573,07,4,15.0
54-20573,08,4,15.0
54-20573,09,3,20.0
54-20573,10,2,30.0
54-20573,11,2,30.0
54-20573,12,2,30.0
54-20573,13,2,30.0
54-20573,14,2,30.0
54-20573,15,3,20.0
54-20573,16,4,15.0
54-20573,17,4,15.0
54-20573,18,3,20.0
54-20573,19,2,30.0
54-20573,20,2,30.0
54-20573,21,2,30.0
54-20573,22,2,30.0
54-20573,23,1,60.0
54-20573,24,1,60.0
55-20573,05,3,20.0
55-20573,06,5,12.0
55-20573,07,5,12.0
55-20573,08,5,12.0
55-20573,09,5,12.0
55-20573,10,3,20.0
55-20573,11,3,20.0
55-20573,12,4,15.0
55-20573,13,3,20.0
55-20573,14,3,20.0
55-20573,15,5,12.0
55-20573,16,5,12.0
55-20573,17,5,12.0
55-20573,18,5,12.0
55-20573,19,3,20.0
55-20573,20,2,30.0
55-20573,21,2,30.0
55-20573,22,2,30.0
55-20573,23,2,30.0
55-20573,24,2,30.0
55-20573,25,1,60.0
56-20573,05,1,60.0
56-20573,06,5,12.0
56-20573,07,9,6.666666666666667
56-20573,08,7,8.571428571428571
56-20573,09,7,8.571428571428571
56-20573,10,3,20.0
56-20573,11,4,15.0
56-20573,12,3,20.0
56-20573,13,4,15.0
56-20573,14,3,20.0
56-20573,15,5,12.0
56-20573,16,8,7.5
56-20573,17,7,8.571428571428571
56-20573,18,7,8.571428571428571
56-20573,19,6,10.0
56-20573,20,4,15.0
56-20573,21,4,15.0
56-20573,22,2,30.0
56-20573,23,4,15.0
56-20573,24,4,15.0
56-20573,25,2,30.0
57-20573,05,1,60.0
57-20573,06,8,7.5
57-20573,07,6,10.0
57-20573,08,6,10.0
57-20573,09,8,7.5
57-20573,10,6,10.0
57-20573,11,5,12.0
57-20573,12,5,12.0
57-20573,13,5,12.0
57-20573,14,6,10.0
57-20573,15,7,8.571428571428571
57-20573,16,6,10.0
57-20573,17,6,10.0
57-20573,18,8,7.5
57-20573,19,7,8.571428571428571
57-20573,20,6,10.0
57-20573,21,4,15.0
57-20573,22,4,15.0
57-20573,23,4,15.0
57-20573,24,4,15.0
57-20573,25,3,20.0
58-20573,05,2,30.0
58-20573,06,8,7.5
58-20573,07,8,7.5
58-20573,08,8,7.5
58-20573,09,7,8.571428571428571
58-20573,10,4,15.0
58-20573,11,4,15.0
58-20573,12,4,15.0
58-20573,13,4,15.0
58-20573,14,4,15.0
58-20573,15,6,10.0
58-20573,16,8,7.5
58-20573,17,8,7.5
58-20573,18,7,8.571428571428571
58-20573,19,4,15.0
58-20573,20,4,15.0
58-20573,21,4,15.0
58-20573,22,4,15.0
58-20573,23,4,15.0
58-20573,24,4,15.0
58-20573,25,3,20.0
59-20573,05,2,30.0
59-20573,06,2,30.0
59-20573,07,3,20.0
59-20573,08,2,30.0
59-20573,09,2,30.0
59-20573,10,1,60.0
59-20573,11,2,30.0
59-20573,12,1,60.0
59-20573,13,1,60.0
59-20573,14,2,30.0
59-20573,15,1,60.0
59-20573,16,3,20.0
59-20573,17,2,30.0
59-20573,18,2,30.0
59-20573,19,2,30.0
59-20573,20,2,30.0
59-20573,21,1,60.0
59-20573,22,1,60.0
6-20573,05,2,30.0
6-20573,06,5,12.0
6-20573,07,8,7.5
6-20573,08,9,6.666666666666667
6-20573,09,7,8.571428571428571
6-20573,10,6,10.0
6-20573,11,4,15.0
6-20573,12,6,10.0
6-20573,13,5,12.0
6-20573,14,5,12.0
6-20573,15,6,10.0
6-20573,16,8,7.5
6-20573,17,8,7.5
6-20573,18,8,7.5
6-20573,19,5,12.0
6-20573,20,4,15.0
6-20573,21,4,15.0
6-20573,22,5,12.0
6-20573,23,4,15.0
6-20573,24,2,30.0
6-20573,25,1,60.0
60-20573,05,2,30.0
60-20573,06,4,15.0
60-20573,07,4,15.0
60-20573,08,4,15.0
60-20573,09,4,15.0
60-20573,10,2,30.0
60-20573,11,2,30.0
60-20573,12,2,30.0
60-20573,13,2,30.0
60-20573,14,2,30.0
60-20573,15,3,20.0
60-20573,16,4,15.0
60-20573,17,3,20.0
60-20573,18,4,15.0
60-20573,19,3,20.0
60-20573,20,2,30.0
60-20573,21,2,30.0
60-20573,22,2,30.0
60-20573,23,2,30.0
60-20573,24,1,60.0
61-20573,05,4,15.0
61-20573,06,4,15.0
61-20573,07,4,15.0
61-20573,08,4,15.0
61-20573,09,3,20.0
61-20573,10,2,30.0
61-20573,11,2,30.0
61-20573,12,2,30.0
61-20573,13,2,30.0
61-20573,14,2,30.0
61-20573,15,3,20.0
61-20573,16,4,15.0
61-20573,17,4,15.0
61-20573,18,4,15.0
61-20573,19,3,20.0
61-20573,20,2,30.0
61-20573,21,2,30.0
61-20573,22,2,30.0
61-20573,23,2,30.0
61-20573,24,2,30.0
61-20573,25,1,60.0
62-20573,06,1,60.0
62-20573,07,5,12.0
62-20573,17,4,15.0
62-20573,18,1,60.0
627-20573,09,1,60.0
64-20573,06,1,60.0
64-20573,07,6,10.0
64-20573,08,2,30.0
64-20573,16,2,30.0
64-20573,17,6,10.0
64-20573,18,2,30.0
65-20573,05,1,60.0
65-20573,06,5,12.0
65-20573,07,5,12.0
65-20573,08,5,12.0
65-20573,09,5,12.0
65-20573,10,2,30.0
65-20573,11,4,15.0
65-20573,12,2,30.0
65-20573,13,4,15.0
65-20573,14,2,30.0
65-20573,15,6,10.0
65-20573,16,6,10.0
65-20573,17,5,12.0
65-20573,18,6,10.0
65-20573,19,4,15.0
65-20573,20,3,20.0
65-20573,21,3,20.0
65-20573,22,3,20.0
65-20573,23,3,20.0
65-20573,24,2,30.0
66-20573,05,4,15.0
66-20573,06,7,8.571428571428571
66-20573,07,8,7.5
66-20573,08,9,6.666666666666667
66-20573,09,7,8.571428571428571
66-20573,10,5,12.0
66-20573,11,5,12.0
66-20573,12,5,12.0
66-20573,13,5,12.0
66-20573,14,6,10.0
66-20573,15,6,10.0
66-20573,16,8,7.5
66-20573,17,8,7.5
66-20573,18,10,6.0
66-20573,19,5,12.0
66-20573,20,4,15.0
66-20573,21,2,30.0
66-20573,22,4,15.0
66-20573,23,4,15.0
66-20573,24,5,12.0
67-20573,05,4,15.0
67-20573,06,8,7.5
67-20573,07,8,7.5
67-20573,08,8,7.5
67-20573,09,6,10.0
67-20573,10,4,15.0
67-20573,11,4,15.0
67-20573,12,4,15.0
67-20573,13,4,15.0
67-20573,14,5,12.0
67-20573,15,7,8.571428571428571
67-20573,16,8,7.5
67-20573,17,8,7.5
67-20573,18,7,8.571428571428571
67-20573,19,4,15.0
67-20573,20,4,15.0
67-20573,21,4,15.0
67-20573,22,4,15.0
67-20573,23,4,15.0
67-20573,24,4,15.0
67-20573,25,1,60.0
68-20573,06,2,30.0
68-20573,07,4,15.0
68-20573,08,4,15.0
68-20573,09,2,30.0
68-20573,15,4,15.0
68-20573,16,3,20.0
68-20573,17,3,20.0
68-20573,18,3,20.0
69-20573,07,2,30.0
69-20573,16,1,60.0
69-20573,17,1,60.0
695-20573,08,1,60.0
698-20573,08,2,30.0
698-20573,16,2,30.0
699-20573,08,2,30.0
699-20573,09,1,60.0
699-20573,16,2,30.0
7-20573,06,6,10.0
7-20573,07,11,5.454545454545454
7-20573,08,13,4.615384615384615
7-20573,09,7,8.571428571428571
7-20573,10,6,10.0
7-20573,11,6,10.0
7-20573,12,6,10.0
7-20573,13,6,10.0
7-20573,14,6,10.0
7-20573,15,8,7.5
7-20573,16,8,7.5
7-20573,17,10,6.0
7-20573,18,8,7.5
7-20573,19,5,12.0
7-20573,20,4,15.0
7-20573,21,4,15.0
7-20573,22,4,15.0
7-20573,23,4,15.0
7-20573,24,3,20.0
70-20573,06,1,60.0
70-20573,07,3,20.0
70-20573,17,4,15.0
702-20573,08,1,60.0
702-20573,15,1,60.0
703-20573,08,2,30.0
703-20573,15,2,30.0
704-20573,08,3,20.0
704-20573,15,3,20.0
705-20573,08,1,60.0
705-20573,15,1,60.0
706-20573,08,3,20.0
706-20573,15,3,20.0
71-20573,05,5,12.0
71-20573,06,10,6.0
71-20573,07,10,6.0
71-20573,08,10,6.0
71-20573,09,7,8.571428571428571
71-20573,10,6,10.0
71-20573,11,6,10.0
71-20573,12,6,10.0
71-20573,13,6,10.0
71-20573,14,6,10.0
71-20573,15,8,7.5
71-20573,16,10,6.0
71-20573,17,9,6.666666666666667
71-20573,18,9,6.666666666666667
71-20573,19,5,12.0
71-20573,20,5,12.0
71-20573,21,4,15.0
71-20573,22,6,10.0
71-20573,23,4,15.0
71-20573,24,6,10.0
71-20573,25,2,30.0
711-20573,08,1,60.0
711-20573,16,1,60.0
712-20573,08,1,60.0
712-20573,16,1,60.0
713-20573,08,1,60.0
713-20573,16,1,60.0
715-20573,08,1,60.0
715-20573,16,1,60.0
719-20573,08,1,60.0
719-20573,16,1,60.0
721-20573,08,1,60.0
721-20573,16,1,60.0
722-20573,08,1,60.0
722-20573,16,1,60.0
723-20573,08,1,60.0
723-20573,16,1,60.0
724-20573,08,2,30.0
724-20573,16,2,30.0
725-20573,08,1,60.0
725-20573,16,1,60.0
731-20573,08,1,60.0
731-20573,16,1,60.0
732-20573,08,1,60.0
732-20573,16,1,60.0
733-20573,08,1,60.0
733-20573,15,1,60.0
734-20573,08,1,60.0
734-20573,16,1,60.0
735-20573,08,1,60.0
735-20573,16,1,60.0
736-20573,08,1,60.0
736-20573,16,1,60.0
737-20573,08,1,60.0
737-20573,16,1,60.0
738-20573,08,4,15.0
738-20573,16,4,15.0
739-20573,08,1,60.0
739-20573,16,1,60.0
74-20573,05,1,60.0
74-20573,06,4,15.0
74-20573,07,4,15.0
74-20573,08,4,15.0
74-20573,09,2,30.0
74-20573,10,2,30.0
74-20573,11,2,30.0
74-20573,12,2,30.0
74-20573,13,2,30.0
74-20573,14,2,30.0
74-20573,15,3,20.0
74-20573,16,4,15.0
74-20573,17,4,15.0
74-20573,18,4,15.0
74-20573,19,2,30.0
74-20573,20,2,30.0
74-20573,21,2,30.0
74-20573,22,2,30.0
74-20573,23,2,30.0
74-20573,24,2,30.0
74-20573,25,1,60.0
743-20573,08,1,60.0
743-20573,16,1,60.0
744-20573,08,2,30.0
744-20573,16,2,30.0
745-20573,08,1,60.0
745-20573,16,1,60.0
746-20573,08,2,30.0
746-20573,16,2,30.0
747-20573,08,2,30.0
747-20573,16,2,30.0
748-20573,08,1,60.0
748-20573,16,1,60.0
750-20573,08,1,60.0
750-20573,15,1,60.0
752-20573,08,1,60.0
752-20573,16,1,60.0
753-20573,08,1,60.0
753-20573,16,1,60.0
754-20573,08,1,60.0
754-20573,16,1,60.0
755-20573,08,1,60.0
755-20573,16,1,60.0
756-20573,08,2,30.0
756-20573,16,2,30.0
757-20573,08,1,60.0
757-20573,16,1,60.0
758-20573,08,1,60.0
758-20573,16,1,60.0
759-20573,08,2,30.0
759-20573,16,2,30.0
76-20573,05,3,20.0
76-20573,06,7,8.571428571428571
76-20573,07,8,7.5
76-20573,08,7,8.571428571428571
76-20573,09,4,15.0
76-20573,10,4,15.0
76-20573,11,4,15.0
76-20573,12,4,15.0
76-20573,13,4,15.0
76-20573,14,4,15.0
76-20573,15,7,8.571428571428571
76-20573,16,8,7.5
76-20573,17,8,7.5
76-20573,18,8,7.5
76-20573,19,4,15.0
76-20573,20,4,15.0
76-20573,21,4,15.0
76-20573,22,4,15.0
76-20573,23,4,15.0
76-20573,24,4,15.0
76-20573,25,1,60.0
760-20573,08,1,60.0
760-20573,16,1,60.0
762-20573,08,1,60.0
762-20573,16,1,60.0
763-20573,08,1,60.0
763-20573,16,1,60.0
764-20573,08,1,60.0
764-20573,16,1,60.0
765-20573,08,1,60.0
765-20573,16,1,60.0
766-20573,08,3,20.0
766-20573,16,3,20.0
767-20573,08,2,30.0
767-20573,15,1,60.0
768-20573,08,1,60.0
768-20573,16,1,60.0
77-20573,05,1,60.0
77-20573,06,4,15.0
77-20573,07,4,15.0
77-20573,08,4,15.0
77-20573,09,3,20.0
77-20573,10,2,30.0
77-20573,11,2,30.0
77-20573,12,2,30.0
77-20573,13,2,30.0
77-20573,14,2,30.0
77-20573,15,2,30.0
77-20573,16,4,15.0
77-20573,17,4,15.0
77-20573,18,4,15.0
77-20573,19,2,30.0
77-20573,20,2,30.0
77-20573,21,2,30.0
77-20573,22,2,30.0
77-20573,23,1,60.0
77-20573,24,1,60.0
77-20573,25,1,60.0
770-20573,08,1,60.0
770-20573,16,1,60.0
771-20573,16,1,60.0
773-20573,08,1,60.0
773-20573,15,1,60.0
774-20573,08,1,60.0
774-20573,15,1,60.0
775-20573,08,1,60.0
775-20573,15,1,60.0
776-20573,08,1,60.0
776-20573,16,1,60.0
777-20573,08,1,60.0
777-20573,16,1,60.0
778-20573,08,1,60.0
778-20573,16,1,60.0
78-20573,05,4,15.0
78-20573,06,4,15.0
78-20573,07,5,12.0
78-20573,08,4,15.0
78-20573,09,6,10.0
78-20573,10,5,12.0
78-20573,11,6,10.0
78-20573,12,6,10.0
78-20573,13,5,12.0
78-20573,14,5,12.0
78-20573,15,5,12.0
78-20573,16,4,15.0
78-20573,17,4,15.0
78-20573,18,4,15.0
78-20573,19,4,15.0
78-20573,20,4,15.0
78-20573,21,4,15.0
78-20573,22,4,15.0
78-20573,23,4,15.0
78-20573,24,4,15.0
780-20573,08,1,60.0
780-20573,16,1,60.0
782-20573,08,2,30.0
782-20573,15,2,30.0
786-20573,08,1,60.0
786-20573,15,1,60.0
791-20573,08,1,60.0
791-20573,16,1,60.0
792-20573,08,1,60.0
792-20573,16,1,60.0
793-20573,15,1,60.0
794-20573,08,1,60.0
794-20573,15,1,60.0
795-20573,09,1,60.0
795-20573,16,1,60.0
796-20573,08,2,30.0
797-20573,08,1,60.0
798-20573,07,2,30.0
798-20573,14,2,30.0
799-20573,07,1,60.0
799-20573,14,1,60.0
8-20573,05,4,15.0
8-20573,06,12,5.0
8-20573,07,14,4.285714285714286
8-20573,08,18,3.3333333333333335
8-20573,09,11,5.454545454545454
8-20573,10,7,8.571428571428571
8-20573,11,6,10.0
8-20573,12,6,10.0
8-20573,13,6,10.0
8-20573,14,6,10.0
8-20573,15,13,4.615384615384615
8-20573,16,15,4.0
8-20573,17,15,4.0
8-20573,18,12,5.0
8-20573,19,6,10.0
8-20573,20,4,15.0
8-20573,21,4,15.0
8-20573,22,4,15.0
8-20573,23,4,15.0
8-20573,24,3,20.0
8-20573,25,4,15.0
801-20573,08,1,60.0
801-20573,16,1,60.0
802-20573,08,1,60.0
802-20573,16,1,60.0
805-20573,08,1,60.0
805-20573,16,1,60.0
807-20573,08,1,60.0
807-20573,16,1,60.0
81-20573,06,4,15.0
81-20573,07,3,20.0
81-20573,08,3,20.0
81-20573,09,4,15.0
81-20573,10,4,15.0
81-20573,11,4,15.0
81-20573,12,3,20.0
81-20573,13,4,15.0
81-20573,14,3,20.0
81-20573,15,4,15.0
81-20573,16,4,15.0
81-20573,17,3,20.0
81-20573,18,4,15.0
81-20573,19,4,15.0
81-20573,20,1,60.0
810-20573,08,1,60.0
810-20573,15,1,60.0
811-20573,08,3,20.0
811-20573,16,2,30.0
812-20573,08,1,60.0
812-20573,16,1,60.0
813-20573,08,1,60.0
813-20573,16,1,60.0
814-20573,08,1,60.0
814-20573,16,1,60.0
815-20573,08,1,60.0
815-20573,16,1,60.0
816-20573,08,1,60.0
816-20573,16,1,60.0
817-20573,08,1,60.0
817-20573,16,1,60.0
818-20573,08,1,60.0
818-20573,16,1,60.0
819-20573,08,1,60.0
819-20573,16,1,60.0
82-20573,06,2,30.0
82-20573,07,4,15.0
82-20573,08,6,10.0
82-20573,09,3,20.0
82-20573,10,4,15.0
82-20573,11,4,15.0
82-20573,12,4,15.0
82-20573,13,4,15.0
82-20573,14,4,15.0
82-20573,15,5,12.0
82-20573,16,4,15.0
82-20573,17,4,15.0
82-20573,18,4,15.0
82-20573,19,3,20.0
820-20573,08,1,60.0
820-20573,16,1,60.0
821-20573,08,1,60.0
821-20573,16,1,60.0
825-20573,08,2,30.0
825-20573,16,1,60.0
826-20573,08,1,60.0
826-20573,15,1,60.0
827-20573,08,1,60.0
827-20573,15,1,60.0
83-20573,05,1,60.0
83-20573,06,2,30.0
83-20573,07,3,20.0
83-20573,08,2,30.0
83-20573,09,2,30.0
83-20573,10,2,30.0
83-20573,11,2,30.0
83-20573,12,2,30.0
83-20573,13,2,30.0
83-20573,14,2,30.0
83-20573,15,3,20.0
83-20573,16,2,30.0
83-20573,17,2,30.0
83-20573,18,2,30.0
83-20573,19,2,30.0
83-20573,20,2,30.0
83-20573,21,2,30.0
83-20573,22,2,30.0
83-20573,23,2,30.0
832-20573,08,2,30.0
832-20573,16,2,30.0
833-20573,08,2,30.0
833-20573,15,2,30.0
835-20573,15,1,60.0
836-20573,08,1,60.0
836-20573,15,1,60.0
839-20573,08,1,60.0
843-20573,08,1,60.0
843-20573,16,1,60.0
844-20573,15,1,60.0
845-20573,08,1,60.0
845-20573,15,2,30.0
85-20573,04,1,60.0
85-20573,05,4,15.0
85-20573,06,5,12.0
85-20573,07,5,12.0
85-20573,08,4,15.0
85-20573,09,6,10.0
85-20573,10,3,20.0
85-20573,11,2,30.0
85-20573,12,3,20.0
85-20573,13,3,20.0
85-20573,14,2,30.0
85-20573,15,4,15.0
85-20573,16,5,12.0
85-20573,17,4,15.0
85-20573,18,6,10.0
85-20573,19,2,30.0
85-20573,20,3,20.0
85-20573,21,3,20.0
85-20573,22,2,30.0
851-20573,08,1,60.0
851-20573,16,1,60.0
853-20573,08,1,60.0
853-20573,16,1,60.0
857-20573,08,1,60.0
857-20573,15,1,60.0
86-20573,05,4,15.0
86-20573,06,5,12.0
86-20573,07,8,7.5
86-20573,08,7,8.571428571428571
86-20573,09,4,15.0
86-20573,10,4,15.0
86-20573,11,4,15.0
86-20573,12,4,15.0
86-20573,13,4,15.0
86-20573,14,4,15.0
86-20573,15,5,12.0
86-20573,16,8,7.5
86-20573,17,8,7.5
86-20573,18,7,8.571428571428571
86-20573,19,4,15.0
86-20573,20,4,15.0
86-20573,21,5,12.0
86-20573,22,3,20.0
86-20573,23,3,20.0
86-20573,24,3,20.0
86-20573,25,2,30.0
860-20573,08,1,60.0
860-20573,16,1,60.0
861-20573,08,1,60.0
861-20573,16,1,60.0
862-20573,08,1,60.0
862-20573,16,1,60.0
863-20573,08,1,60.0
863-20573,16,1,60.0
864-20573,08,2,30.0
864-20573,16,2,30.0
865-20573,08,1,60.0
865-20573,16,1,60.0
866-20573,08,1,60.0
866-20573,16,2,30.0
867-20573,08,1,60.0
867-20573,16,1,60.0
868-20573,08,2,30.0
868-20573,16,2,30.0
869-20573,15,1,60.0
87-20573,05,6,10.0
87-20573,06,8,7.5
87-20573,07,8,7.5
87-20573,08,9,6.666666666666667
87-20573,09,7,8.571428571428571
87-20573,10,4,15.0
87-20573,11,4,15.0
87-20573,12,4,15.0
87-20573,13,4,15.0
87-20573,14,4,15.0
87-20573,15,6,10.0
87-20573,16,8,7.5
87-20573,17,8,7.5
87-20573,18,7,8.571428571428571
87-20573,19,4,15.0
87-20573,20,3,20.0
87-20573,21,4,15.0
87-20573,22,5,12.0
87-20573,23,4,15.0
87-20573,24,4,15.0
87-20573,25,3,20.0
871-20573,15,1,60.0
872-20573,15,1,60.0
877-20573,08,1,60.0
877-20573,15,1,60.0
878-20573,15,2,30.0
88-20573,05,2,30.0
88-20573,06,2,30.0
88-20573,07,2,30.0
88-20573,08,2,30.0
88-20573,09,2,30.0
88-20573,10,2,30.0
88-20573,11,2,30.0
88-20573,12,2,30.0
88-20573,13,2,30.0
88-20573,14,2,30.0
88-20573,15,2,30.0
88-20573,16,2,30.0
88-20573,17,2,30.0
88-20573,18,2,30.0
88-20573,19,2,30.0
88-20573,20,2,30.0
88-20573,21,2,30.0
88-20573,22,2,30.0
88-20573,23,2,30.0
88-20573,24,2,30.0
88-20573,25,1,60.0
880-20573,08,1,60.0
880-20573,15,1,60.0
882-20573,14,1,60.0
887-20573,08,1,60.0
887-20573,15,1,60.0
89-20573,07,2,30.0
89-20573,08,2,30.0
89-20573,09,1,60.0
89-20573,16,2,30.0
89-20573,17,2,30.0
89-20573,18,1,60.0
892-20573,08,1,60.0
892-20573,15,1,60.0
894-20573,08,1,60.0
894-20573,15,1,60.0
895-20573,08,1,60.0
895-20573,15,1,60.0
896-20573,08,1,60.0
896-20573,15,1,60.0
9-20573,05,3,20.0
9-20573,06,5,12.0
9-20573,07,9,6.666666666666667
9-20573,08,11,5.454545454545454
9-20573,09,11,5.454545454545454
9-20573,10,8,7.5
9-20573,11,6,10.0
9-20573,12,6,10.0
9-20573,13,6,10.0
9-20573,14,5,12.0
9-20573,15,7,8.571428571428571
9-20573,16,8,7.5
9-20573,17,10,6.0
9-20573,18,10,6.0
9-20573,19,9,6.666666666666667
9-20573,20,4,15.0
9-20573,21,4,15.0
9-20573,22,4,15.0
9-20573,23,4,15.0
9-20573,24,4,15.0
9-20573,25,5,12.0
90-20573,06,4,15.0
90-20573,07,5,12.0
90-20573,08,5,12.0
90-20573,09,6,10.0
90-20573,10,4,15.0
90-20573,11,3,20.0
90-20573,12,4,15.0
90-20573,13,3,20.0
90-20573,14,4,15.0
90-20573,15,4,15.0
90-20573,16,4,15.0
90-20573,17,6,10.0
90-20573,18,6,10.0
90-20573,19,5,12.0
90-20573,20,3,20.0
90-20573,21,4,15.0
90-20573,22,4,15.0
90-20573,23,2,30.0
91-20573,06,4,15.0
91-20573,07,6,10.0
91-20573,08,5,12.0
91-20573,09,6,10.0
91-20573,10,6,10.0
91-20573,11,5,12.0
91-20573,12,6,10.0
91-20573,13,6,10.0
91-20573,14,6,10.0
91-20573,15,5,12.0
91-20573,16,6,10.0
91-20573,17,6,10.0
91-20573,18,5,12.0
91-20573,19,6,10.0
91-20573,20,6,10.0
91-20573,21,6,10.0
91-20573,22,5,12.0
91-20573,23,6,10.0
91-20573,24,3,20.0
92-20573,05,3,20.0
92-20573,06,4,15.0
92-20573,07,5,12.0
92-20573,08,4,15.0
92-20573,09,4,15.0
92-20573,10,3,20.0
92-20573,11,4,15.0
92-20573,12,3,20.0
92-20573,13,3,20.0
92-20573,14,4,15.0
92-20573,15,3,20.0
92-20573,16,4,15.0
92-20573,17,4,15.0
92-20573,18,4,15.0
92-20573,19,3,20.0
92-20573,20,4,15.0
92-20573,21,2,30.0
92-20573,22,4,15.0
92-20573,23,2,30.0
92-20573,24,2,30.0
92-20573,25,1,60.0
93-20573,05,3,20.0
93-20573,06,7,8.571428571428571
93-20573,07,8,7.5
93-20573,08,8,7.5
93-20573,09,9,6.666666666666667
93-20573,10,4,15.0
93-20573,11,4,15.0
93-20573,12,4,15.0
93-20573,13,4,15.0
93-20573,14,6,10.0
93-20573,15,7,8.571428571428571
93-20573,16,8,7.5
93-20573,17,8,7.5
93-20573,18,10,6.0
93-20573,19,5,12.0
93-20573,20,4,15.0
93-20573,21,4,15.0
93-20573,22,3,20.0
93-20573,23,4,15.0
93-20573,24,2,30.0
93-20573,25,4,15.0
94-20573,05,2,30.0
94-20573,06,6,10.0
94-20573,07,6,10.0
94-20573,08,6,10.0
94-20573,09,4,15.0
94-20573,10,4,15.0
94-20573,11,4,15.0
94-20573,12,4,15.0
94-20573,13,4,15.0
94-20573,14,4,15.0
94-20573,15,5,12.0
94-20573,16,6,10.0
94-20573,17,6,10.0
94-20573,18,6,10.0
94-20573,19,5,12.0
94-20573,20,4,15.0
94-20573,21,4,15.0
94-20573,22,4,15.0
94-20573,23,4,15.0
94-20573,24,4,15.0
94-20573,25,1,60.0
95-20573,05,1,60.0
95-20573,06,2,30.0
95-20573,07,2,30.0
95-20573,08,2,30.0
95-20573,09,1,60.0
95-20573,15,1,60.0
95-20573,16,2,30.0
95-20573,17,2,30.0
95-20573,18,2,30.0
96-20573,05,2,30.0
96-20573,06,4,15.0
96-20573,07,6,10.0
96-20573,08,4,15.0
96-20573,09,4,15.0
96-20573,10,5,12.0
96-20573,11,2,30.0
96-20573,12,4,15.0
96-20573,13,4,15.0
96-20573,14,3,20.0
96-20573,15,4,15.0
96-20573,16,5,12.0
96-20573,17,3,20.0
96-20573,18,4,15.0
96-20573,19,4,15.0
96-20573,20,4,15.0
96-20573,21,2,30.0
96-20573,22,4,15.0
96-20573,23,2,30.0
96-20573,24,4,15.0
96-20573,25,1,60.0
97-20573,05,3,20.0
97-20573,06,7,8.571428571428571
97-20573,07,8,7.5
97-20573,08,8,7.5
97-20573,09,5,12.0
97-20573,10,4,15.0
97-20573,11,4,15.0
97-20573,12,4,15.0
97-20573,13,4,15.0
97-20573,14,4,15.0
97-20573,15,4,15.0
97-20573,16,8,7.5
97-20573,17,8,7.5
97-20573,18,8,7.5
97-20573,19,4,15.0
97-20573,20,4,15.0
97-20573,21,4,15.0
97-20573,22,4,15.0
97-20573,23,4,15.0
97-20573,24,2,30.0
98-20573,05,4,15.0
98-20573,06,7,8.571428571428571
98-20573,07,8,7.5
98-20573,08,8,7.5
98-20573,09,5,12.0
98-20573,10,4,15.0
98-20573,11,4,15.0
98-20573,12,4,15.0
98-20573,13,4,15.0
98-20573,14,4,15.0
98-20573,15,8,7.5
98-20573,16,8,7.5
98-20573,17,8,7.5
98-20573,18,8,7.5
98-20573,19,4,15.0
98-20573,20,4,15.0
98-20573,21,4,15.0
98-20573,22,4,15.0
98-20573,23,4,15.0
98-20573,24,3,20.0
99-20573,05,3,20.0
99-20573,06,6,10.0
99-20573,07,7,8.571428571428571
99-20573,08,7,8.571428571428571
99-20573,09,7,8.571428571428571
99-20573,10,4,15.0
99-20573,11,4,15.0
99-20573,12,4,15.0
99-20573,13,4,15.0
99-20573,14,6,10.0
99-20573,15,6,10.0
99-20573,16,6,10.0
99-20573,17,7,8.571428571428571
99-20573,18,7,8.571428571428571
99-20573,19,6,10.0
99-20573,20,4,15.0
99-20573,21,4,15.0
99-20573,22,4,15.0
99-20573,23,4,15.0
99-20573,24,5,12.0
99-20573,25,1,60.0
