route_id,end_hr,buses per hour,headway by hour
1-20687,05,3,20.0
1-20687,06,4,15.0
1-20687,07,6,10.0
1-20687,08,6,10.0
1-20687,09,5,12.0
1-20687,10,6,10.0
1-20687,11,6,10.0
1-20687,12,6,10.0
1-20687,13,6,10.0
1-20687,14,6,10.0
1-20687,15,6,10.0
1-20687,16,6,10.0
1-20687,17,6,10.0
1-20687,18,6,10.0
1-20687,19,7,8.571428571428571
1-20687,20,6,10.0
1-20687,21,4,15.0
1-20687,22,5,12.0
1-20687,23,5,12.0
1-20687,24,6,10.0
10-20687,06,1,60.0
10-20687,07,4,15.0
10-20687,08,2,30.0
10-20687,09,2,30.0
10-20687,10,4,15.0
10-20687,11,2,30.0
10-20687,12,2,30.0
10-20687,13,4,15.0
10-20687,14,2,30.0
10-20687,15,2,30.0
10-20687,16,4,15.0
10-20687,17,2,30.0
10-20687,18,2,30.0
10-20687,19,4,15.0
10-20687,20,2,30.0
10-20687,21,2,30.0
10-20687,22,4,15.0
10-20687,23,2,30.0
10-20687,24,2,30.0
100-20687,05,1,60.0
100-20687,06,4,15.0
100-20687,07,4,15.0
100-20687,08,4,15.0
100-20687,09,4,15.0
100-20687,10,3,20.0
100-20687,11,4,15.0
100-20687,12,4,15.0
100-20687,13,4,15.0
100-20687,14,4,15.0
100-20687,15,3,20.0
100-20687,16,4,15.0
100-20687,17,3,20.0
100-20687,18,4,15.0
100-20687,19,4,15.0
100-20687,20,4,15.0
100-20687,21,4,15.0
100-20687,22,4,15.0
100-20687,23,4,15.0
100-20687,24,4,15.0
100-20687,25,4,15.0
100-20687,26,1,60.0
101-20687,06,3,20.0
101-20687,07,3,20.0
101-20687,08,3,20.0
101-20687,09,3,20.0
101-20687,10,3,20.0
101-20687,11,3,20.0
101-20687,12,2,30.0
101-20687,13,3,20.0
101-20687,14,3,20.0
101-20687,15,3,20.0
101-20687,16,3,20.0
101-20687,17,3,20.0
101-20687,18,2,30.0
101-20687,19,4,15.0
101-20687,20,2,30.0
101-20687,21,2,30.0
102-20687,05,4,15.0
102-20687,06,5,12.0
102-20687,07,6,10.0
102-20687,08,6,10.0
102-20687,09,5,12.0
102-20687,10,4,15.0
102-20687,11,4,15.0
102-20687,12,4,15.0
102-20687,13,4,15.0
102-20687,14,4,15.0
102-20687,15,6,10.0
102-20687,16,6,10.0
102-20687,17,6,10.0
102-20687,18,6,10.0
102-20687,19,5,12.0
102-20687,20,4,15.0
102-20687,21,4,15.0
102-20687,22,4,15.0
102-20687,23,4,15.0
102-20687,24,4,15.0
104-20687,06,4,15.0
104-20687,07,4,15.0
104-20687,08,4,15.0
104-20687,09,4,15.0
104-20687,10,4,15.0
104-20687,11,2,30.0
104-20687,12,4,15.0
104-20687,13,4,15.0
104-20687,14,4,15.0
104-20687,15,4,15.0
104-20687,16,4,15.0
104-20687,17,4,15.0
104-20687,18,4,15.0
104-20687,19,4,15.0
104-20687,20,2,30.0
104-20687,21,4,15.0
104-20687,22,4,15.0
104-20687,23,4,15.0
104-20687,24,4,15.0
104-20687,25,1,60.0
105-20687,05,2,30.0
105-20687,06,4,15.0
105-20687,07,4,15.0
105-20687,08,5,12.0
105-20687,09,4,15.0
105-20687,10,4,15.0
105-20687,11,4,15.0
105-20687,12,4,15.0
105-20687,13,4,15.0
105-20687,14,3,20.0
105-20687,15,5,12.0
105-20687,16,5,12.0
105-20687,17,4,15.0
105-20687,18,5,12.0
105-20687,19,4,15.0
105-20687,20,4,15.0
105-20687,21,3,20.0
105-20687,22,2,30.0
106-20687,06,2,30.0
106-20687,07,1,60.0
106-20687,08,1,60.0
106-20687,09,2,30.0
106-20687,10,1,60.0
106-20687,11,2,30.0
106-20687,12,1,60.0
106-20687,13,2,30.0
106-20687,14,1,60.0
106-20687,15,1,60.0
106-20687,16,2,30.0
106-20687,17,1,60.0
106-20687,18,2,30.0
106-20687,19,1,60.0
109-20687,06,1,60.0
109-20687,07,2,30.0
109-20687,16,1,60.0
109-20687,17,1,60.0
11-20687,05,1,60.0
11-20687,06,2,30.0
11-20687,07,3,20.0
11-20687,08,2,30.0
11-20687,09,2,30.0
11-20687,10,2,30.0
11-20687,11,2,30.0
11-20687,12,2,30.0
11-20687,13,2,30.0
11-20687,14,2,30.0
11-20687,15,2,30.0
11-20687,16,2,30.0
11-20687,17,2,30.0
11-20687,18,2,30.0
11-20687,19,2,30.0
11-20687,20,2,30.0
11-20687,21,2,30.0
111-20687,06,6,10.0
111-20687,07,4,15.0
111-20687,08,4,15.0
111-20687,09,6,10.0
111-20687,10,4,15.0
111-20687,11,6,10.0
111-20687,12,4,15.0
111-20687,13,4,15.0
111-20687,14,6,10.0
111-20687,15,4,15.0
111-20687,16,6,10.0
111-20687,17,4,15.0
111-20687,18,4,15.0
111-20687,19,3,20.0
111-20687,20,3,20.0
111-20687,21,2,30.0
111-20687,22,3,20.0
113-20687,05,2,30.0
113-20687,06,3,20.0
113-20687,07,4,15.0
113-20687,08,4,15.0
113-20687,09,4,15.0
113-20687,10,4,15.0
113-20687,11,4,15.0
113-20687,12,4,15.0
113-20687,13,4,15.0
113-20687,14,3,20.0
113-20687,15,4,15.0
113-20687,16,5,12.0
113-20687,17,4,15.0
113-20687,18,4,15.0
113-20687,19,4,15.0
113-20687,20,4,15.0
113-20687,21,4,15.0
113-20687,22,4,15.0
113-20687,23,3,20.0
113-20687,24,1,60.0
114-20687,05,2,30.0
114-20687,06,2,30.0
114-20687,07,2,30.0
114-20687,08,2,30.0
114-20687,09,2,30.0
114-20687,10,2,30.0
114-20687,11,2,30.0
114-20687,12,2,30.0
114-20687,13,2,30.0
114-20687,14,2,30.0
114-20687,15,2,30.0
114-20687,16,2,30.0
114-20687,17,2,30.0
114-20687,18,2,30.0
114-20687,19,1,60.0
114-20687,20,2,30.0
114-20687,21,1,60.0
114-20687,22,2,30.0
114-20687,23,1,60.0
114-20687,24,1,60.0
115-20687,04,1,60.0
115-20687,05,2,30.0
115-20687,06,4,15.0
115-20687,07,2,30.0
115-20687,08,4,15.0
115-20687,09,4,15.0
115-20687,10,3,20.0
115-20687,11,3,20.0
115-20687,12,4,15.0
115-20687,13,2,30.0
115-20687,14,4,15.0
115-20687,15,3,20.0
115-20687,16,3,20.0
115-20687,17,4,15.0
115-20687,18,2,30.0
115-20687,19,4,15.0
115-20687,20,4,15.0
115-20687,21,2,30.0
115-20687,22,4,15.0
115-20687,23,3,20.0
116-20687,06,1,60.0
116-20687,07,3,20.0
116-20687,17,3,20.0
116-20687,18,1,60.0
117-20687,06,1,60.0
117-20687,07,2,30.0
117-20687,17,2,30.0
117-20687,18,1,60.0
118-20687,05,2,30.0
118-20687,06,1,60.0
118-20687,07,2,30.0
118-20687,08,2,30.0
118-20687,09,2,30.0
118-20687,10,2,30.0
118-20687,11,2,30.0
118-20687,12,2,30.0
118-20687,13,2,30.0
118-20687,14,2,30.0
118-20687,15,2,30.0
118-20687,16,2,30.0
118-20687,17,2,30.0
118-20687,18,2,30.0
118-20687,19,2,30.0
118-20687,20,2,30.0
118-20687,21,2,30.0
118-20687,22,2,30.0
118-20687,23,2,30.0
119-20687,05,1,60.0
119-20687,06,1,60.0
119-20687,07,1,60.0
119-20687,08,1,60.0
119-20687,14,1,60.0
119-20687,15,1,60.0
119-20687,16,1,60.0
119-20687,17,1,60.0
119-20687,18,2,30.0
119-20687,19,1,60.0
119-20687,20,1,60.0
119-20687,21,1,60.0
119-20687,22,2,30.0
119-20687,23,1,60.0
12-20687,05,2,30.0
12-20687,06,3,20.0
12-20687,07,2,30.0
12-20687,08,3,20.0
12-20687,09,2,30.0
12-20687,10,2,30.0
12-20687,11,2,30.0
12-20687,12,2,30.0
12-20687,13,2,30.0
12-20687,14,2,30.0
12-20687,15,4,15.0
12-20687,16,3,20.0
12-20687,17,2,30.0
12-20687,18,2,30.0
12-20687,19,2,30.0
12-20687,20,2,30.0
12-20687,21,2,30.0
12-20687,22,2,30.0
12-20687,23,2,30.0
120-20687,05,2,30.0
120-20687,06,3,20.0
120-20687,07,3,20.0
120-20687,08,3,20.0
120-20687,09,3,20.0
120-20687,10,3,20.0
120-20687,11,3,20.0
120-20687,12,3,20.0
120-20687,13,3,20.0
120-20687,14,3,20.0
120-20687,15,3,20.0
120-20687,16,3,20.0
120-20687,17,3,20.0
120-20687,18,3,20.0
120-20687,19,3,20.0
120-20687,20,3,20.0
120-20687,21,3,20.0
120-20687,22,3,20.0
120-20687,23,3,20.0
123-20687,05,2,30.0
123-20687,06,5,12.0
123-20687,07,4,15.0
123-20687,08,7,8.571428571428571
123-20687,09,4,15.0
123-20687,10,4,15.0
123-20687,11,4,15.0
123-20687,12,4,15.0
123-20687,13,4,15.0
123-20687,14,5,12.0
123-20687,15,5,12.0
123-20687,16,7,8.571428571428571
123-20687,17,5,12.0
123-20687,18,4,15.0
123-20687,19,4,15.0
123-20687,20,4,15.0
123-20687,21,2,30.0
123-20687,22,4,15.0
123-20687,23,4,15.0
123-20687,24,2,30.0
123-20687,25,2,30.0
124-20687,05,1,60.0
124-20687,06,6,10.0
124-20687,07,4,15.0
124-20687,08,7,8.571428571428571
124-20687,09,5,12.0
124-20687,10,4,15.0
124-20687,11,4,15.0
124-20687,12,4,15.0
124-20687,13,4,15.0
124-20687,14,4,15.0
124-20687,15,6,10.0
124-20687,16,7,8.571428571428571
124-20687,17,4,15.0
124-20687,18,5,12.0
124-20687,19,3,20.0
124-20687,20,3,20.0
124-20687,21,3,20.0
124-20687,22,4,15.0
124-20687,23,2,30.0
124-20687,24,4,15.0
124-20687,25,2,30.0
125-20687,05,1,60.0
125-20687,06,2,30.0
125-20687,07,2,30.0
125-20687,08,2,30.0
125-20687,09,2,30.0
125-20687,10,2,30.0
125-20687,11,2,30.0
125-20687,12,2,30.0
125-20687,13,2,30.0
125-20687,14,2,30.0
125-20687,15,2,30.0
125-20687,16,2,30.0
125-20687,17,2,30.0
125-20687,18,2,30.0
125-20687,19,2,30.0
125-20687,20,2,30.0
125-20687,21,1,60.0
126-20687,06,2,30.0
126-20687,07,2,30.0
126-20687,08,2,30.0
126-20687,09,2,30.0
126-20687,10,2,30.0
126-20687,11,2,30.0
126-20687,12,2,30.0
126-20687,13,2,30.0
126-20687,14,2,30.0
126-20687,15,2,30.0
126-20687,16,2,30.0
126-20687,17,2,30.0
126-20687,18,2,30.0
126-20687,19,2,30.0
126-20687,20,2,30.0
126-20687,21,2,30.0
126-20687,22,2,30.0
126-20687,23,2,30.0
126-20687,24,1,60.0
127-20687,05,3,20.0
127-20687,06,4,15.0
127-20687,07,4,15.0
127-20687,08,4,15.0
127-20687,09,4,15.0
127-20687,10,4,15.0
127-20687,11,4,15.0
127-20687,12,4,15.0
127-20687,13,4,15.0
127-20687,14,4,15.0
127-20687,15,4,15.0
127-20687,16,4,15.0
127-20687,17,4,15.0
127-20687,18,4,15.0
127-20687,19,4,15.0
127-20687,20,3,20.0
127-20687,21,4,15.0
127-20687,22,3,20.0
127-20687,23,3,20.0
128-20687,05,3,20.0
128-20687,06,3,20.0
128-20687,07,5,12.0
128-20687,08,4,15.0
128-20687,09,4,15.0
128-20687,10,4,15.0
128-20687,11,4,15.0
128-20687,12,4,15.0
128-20687,13,4,15.0
128-20687,14,3,20.0
128-20687,15,3,20.0
128-20687,16,4,15.0
128-20687,17,4,15.0
128-20687,18,4,15.0
128-20687,19,3,20.0
129-20687,05,1,60.0
129-20687,06,4,15.0
129-20687,07,4,15.0
129-20687,08,4,15.0
129-20687,09,5,12.0
129-20687,10,4,15.0
129-20687,11,4,15.0
129-20687,12,4,15.0
129-20687,13,4,15.0
129-20687,14,4,15.0
129-20687,15,5,12.0
129-20687,16,4,15.0
129-20687,17,4,15.0
129-20687,18,4,15.0
129-20687,19,4,15.0
129-20687,20,4,15.0
129-20687,21,4,15.0
129-20687,22,4,15.0
129-20687,23,3,20.0
129-20687,24,1,60.0
13-20687,06,3,20.0
13-20687,07,4,15.0
13-20687,08,5,12.0
13-20687,09,5,12.0
13-20687,10,4,15.0
13-20687,11,5,12.0
13-20687,12,5,12.0
13-20687,13,5,12.0
13-20687,14,5,12.0
13-20687,15,4,15.0
13-20687,16,6,10.0
13-20687,17,4,15.0
13-20687,18,5,12.0
13-20687,19,4,15.0
13-20687,20,3,20.0
13-20687,21,4,15.0
13-20687,22,4,15.0
13-20687,23,4,15.0
131-20687,06,1,60.0
131-20687,07,3,20.0
131-20687,17,3,20.0
131-20687,18,1,60.0
134-20687,05,1,60.0
134-20687,06,3,20.0
134-20687,07,3,20.0
134-20687,08,3,20.0
134-20687,09,3,20.0
134-20687,10,3,20.0
134-20687,11,3,20.0
134-20687,12,3,20.0
134-20687,13,3,20.0
134-20687,14,3,20.0
134-20687,15,3,20.0
134-20687,16,3,20.0
134-20687,17,3,20.0
134-20687,18,3,20.0
134-20687,19,3,20.0
134-20687,20,3,20.0
134-20687,21,3,20.0
134-20687,22,3,20.0
134-20687,23,3,20.0
134-20687,24,2,30.0
135-20687,05,3,20.0
135-20687,06,6,10.0
135-20687,07,4,15.0
135-20687,08,6,10.0
135-20687,09,3,20.0
135-20687,15,4,15.0
135-20687,16,6,10.0
135-20687,17,6,10.0
135-20687,18,5,12.0
138-20687,05,4,15.0
138-20687,06,4,15.0
138-20687,07,4,15.0
138-20687,08,5,12.0
138-20687,09,4,15.0
138-20687,10,4,15.0
138-20687,11,4,15.0
138-20687,12,4,15.0
138-20687,13,4,15.0
138-20687,14,4,15.0
138-20687,15,5,12.0
138-20687,16,3,20.0
138-20687,17,4,15.0
138-20687,18,5,12.0
138-20687,19,4,15.0
138-20687,20,4,15.0
138-20687,21,4,15.0
138-20687,22,4,15.0
138-20687,23,4,15.0
138-20687,24,2,30.0
14-20687,04,1,60.0
14-20687,05,6,10.0
14-20687,06,11,5.454545454545454
14-20687,07,14,4.285714285714286
14-20687,08,14,4.285714285714286
14-20687,09,6,10.0
14-20687,10,4,15.0
14-20687,11,4,15.0
14-20687,12,4,15.0
14-20687,13,4,15.0
14-20687,14,4,15.0
14-20687,15,8,7.5
14-20687,16,12,5.0
14-20687,17,13,4.615384615384615
14-20687,18,8,7.5
14-20687,19,5,12.0
14-20687,20,4,15.0
14-20687,21,4,15.0
14-20687,22,4,15.0
14-20687,23,4,15.0
14-20687,24,3,20.0
142-20687,06,1,60.0
142-20687,07,2,30.0
142-20687,17,3,20.0
145-20687,05,3,20.0
145-20687,06,4,15.0
145-20687,07,7,8.571428571428571
145-20687,08,7,8.571428571428571
145-20687,09,4,15.0
145-20687,10,3,20.0
145-20687,11,2,30.0
145-20687,12,3,20.0
145-20687,13,2,30.0
145-20687,14,2,30.0
145-20687,15,5,12.0
145-20687,16,8,7.5
145-20687,17,7,8.571428571428571
145-20687,18,6,10.0
145-20687,19,3,20.0
145-20687,20,2,30.0
145-20687,21,3,20.0
145-20687,22,2,30.0
145-20687,23,3,20.0
145-20687,24,2,30.0
145-20687,25,3,20.0
147-20687,05,1,60.0
147-20687,06,4,15.0
147-20687,07,4,15.0
147-20687,08,4,15.0
147-20687,09,2,30.0
147-20687,10,2,30.0
147-20687,11,2,30.0
147-20687,12,2,30.0
147-20687,13,2,30.0
147-20687,14,2,30.0
147-20687,15,4,15.0
147-20687,16,4,15.0
147-20687,17,4,15.0
147-20687,18,3,20.0
148-20687,05,3,20.0
148-20687,06,7,8.571428571428571
148-20687,07,8,7.5
148-20687,08,7,8.571428571428571
148-20687,09,4,15.0
148-20687,10,2,30.0
148-20687,11,2,30.0
148-20687,12,2,30.0
148-20687,13,2,30.0
148-20687,14,2,30.0
148-20687,15,6,10.0
148-20687,16,8,7.5
148-20687,17,8,7.5
148-20687,18,7,8.571428571428571
148-20687,19,4,15.0
148-20687,20,3,20.0
148-20687,21,2,30.0
148-20687,22,2,30.0
148-20687,23,2,30.0
149-20687,05,2,30.0
149-20687,06,4,15.0
149-20687,07,5,12.0
149-20687,08,4,15.0
149-20687,09,4,15.0
149-20687,10,4,15.0
149-20687,11,2,30.0
149-20687,12,4,15.0
149-20687,13,2,30.0
149-20687,14,4,15.0
149-20687,15,4,15.0
149-20687,16,5,12.0
149-20687,17,4,15.0
149-20687,18,4,15.0
149-20687,19,5,12.0
150-20687,05,1,60.0
150-20687,06,4,15.0
150-20687,07,4,15.0
150-20687,08,4,15.0
150-20687,09,2,30.0
150-20687,10,2,30.0
150-20687,11,2,30.0
150-20687,12,2,30.0
150-20687,13,3,20.0
150-20687,14,3,20.0
150-20687,15,4,15.0
150-20687,16,2,30.0
150-20687,17,6,10.0
150-20687,18,4,15.0
150-20687,19,1,60.0
151-20687,06,1,60.0
151-20687,07,1,60.0
151-20687,17,1,60.0
151-20687,18,1,60.0
152-20687,06,3,20.0
152-20687,07,3,20.0
152-20687,08,3,20.0
152-20687,09,3,20.0
152-20687,10,3,20.0
152-20687,11,3,20.0
152-20687,12,3,20.0
152-20687,13,3,20.0
152-20687,14,3,20.0
152-20687,15,3,20.0
152-20687,16,3,20.0
152-20687,17,3,20.0
152-20687,18,2,30.0
153-20687,05,1,60.0
153-20687,06,5,12.0
153-20687,07,5,12.0
153-20687,08,7,8.571428571428571
153-20687,09,6,10.0
153-20687,10,4,15.0
153-20687,11,6,10.0
153-20687,12,4,15.0
153-20687,13,5,12.0
153-20687,14,5,12.0
153-20687,15,4,15.0
153-20687,16,4,15.0
153-20687,17,6,10.0
153-20687,18,6,10.0
153-20687,19,3,20.0
153-20687,20,4,15.0
153-20687,21,3,20.0
153-20687,22,3,20.0
153-20687,23,4,15.0
153-20687,24,1,60.0
154-20687,05,1,60.0
154-20687,06,2,30.0
154-20687,07,2,30.0
154-20687,08,2,30.0
154-20687,09,2,30.0
154-20687,10,2,30.0
154-20687,11,2,30.0
154-20687,12,2,30.0
154-20687,13,2,30.0
154-20687,14,2,30.0
154-20687,15,2,30.0
154-20687,16,2,30.0
154-20687,17,2,30.0
154-20687,18,2,30.0
154-20687,19,2,30.0
154-20687,20,2,30.0
154-20687,21,2,30.0
154-20687,22,2,30.0
154-20687,23,2,30.0
154-20687,24,2,30.0
154-20687,25,1,60.0
155-20687,05,3,20.0
155-20687,06,3,20.0
155-20687,07,3,20.0
155-20687,08,4,15.0
155-20687,09,4,15.0
155-20687,10,4,15.0
155-20687,11,4,15.0
155-20687,12,3,20.0
155-20687,13,3,20.0
155-20687,14,4,15.0
155-20687,15,4,15.0
155-20687,16,4,15.0
155-20687,17,3,20.0
155-20687,18,4,15.0
155-20687,19,4,15.0
155-20687,20,3,20.0
155-20687,21,4,15.0
155-20687,22,4,15.0
155-20687,23,4,15.0
155-20687,24,3,20.0
155-20687,25,1,60.0
156-20687,05,3,20.0
156-20687,06,4,15.0
156-20687,07,4,15.0
156-20687,08,4,15.0
156-20687,09,4,15.0
156-20687,10,4,15.0
156-20687,11,4,15.0
156-20687,12,4,15.0
156-20687,13,4,15.0
156-20687,14,4,15.0
156-20687,15,4,15.0
156-20687,16,4,15.0
156-20687,17,4,15.0
156-20687,18,4,15.0
156-20687,19,4,15.0
156-20687,20,4,15.0
156-20687,21,4,15.0
156-20687,22,4,15.0
156-20687,23,3,20.0
157-20687,04,1,60.0
157-20687,05,3,20.0
157-20687,06,4,15.0
157-20687,07,4,15.0
157-20687,08,4,15.0
157-20687,09,4,15.0
157-20687,10,4,15.0
157-20687,11,4,15.0
157-20687,12,4,15.0
157-20687,13,4,15.0
157-20687,14,4,15.0
157-20687,15,4,15.0
157-20687,16,4,15.0
157-20687,17,4,15.0
157-20687,18,4,15.0
157-20687,19,4,15.0
157-20687,20,4,15.0
157-20687,21,4,15.0
157-20687,22,4,15.0
157-20687,23,4,15.0
157-20687,24,4,15.0
157-20687,25,1,60.0
158-20687,05,2,30.0
158-20687,06,2,30.0
158-20687,07,2,30.0
158-20687,08,2,30.0
158-20687,09,2,30.0
158-20687,10,2,30.0
158-20687,11,2,30.0
158-20687,12,2,30.0
158-20687,13,2,30.0
158-20687,14,2,30.0
158-20687,15,2,30.0
158-20687,16,2,30.0
158-20687,17,2,30.0
158-20687,18,2,30.0
158-20687,19,2,30.0
158-20687,20,2,30.0
158-20687,21,2,30.0
158-20687,22,2,30.0
158-20687,23,2,30.0
159-20687,05,4,15.0
159-20687,06,6,10.0
159-20687,07,5,12.0
159-20687,08,6,10.0
159-20687,09,4,15.0
159-20687,10,3,20.0
159-20687,11,3,20.0
159-20687,12,2,30.0
159-20687,13,3,20.0
159-20687,14,3,20.0
159-20687,15,5,12.0
159-20687,16,5,12.0
159-20687,17,6,10.0
159-20687,18,5,12.0
159-20687,19,4,15.0
159-20687,20,2,30.0
159-20687,21,3,20.0
159-20687,22,3,20.0
159-20687,23,2,30.0
159-20687,24,3,20.0
159-20687,25,2,30.0
161-20687,05,4,15.0
161-20687,06,4,15.0
161-20687,07,4,15.0
161-20687,08,4,15.0
161-20687,09,4,15.0
161-20687,10,4,15.0
161-20687,11,4,15.0
161-20687,12,4,15.0
161-20687,13,4,15.0
161-20687,14,4,15.0
161-20687,15,4,15.0
161-20687,16,4,15.0
161-20687,17,4,15.0
161-20687,18,4,15.0
161-20687,19,4,15.0
161-20687,20,4,15.0
161-20687,21,4,15.0
161-20687,22,4,15.0
161-20687,23,4,15.0
161-20687,24,4,15.0
161-20687,25,2,30.0
167-20687,06,4,15.0
167-20687,07,4,15.0
167-20687,08,4,15.0
167-20687,09,5,12.0
167-20687,10,2,30.0
167-20687,11,2,30.0
167-20687,12,1,60.0
167-20687,13,1,60.0
167-20687,14,2,30.0
167-20687,15,1,60.0
167-20687,16,5,12.0
167-20687,17,4,15.0
167-20687,18,4,15.0
167-20687,19,4,15.0
169-20687,05,2,30.0
169-20687,06,2,30.0
169-20687,07,2,30.0
169-20687,08,2,30.0
169-20687,09,2,30.0
169-20687,10,2,30.0
169-20687,11,2,30.0
169-20687,12,2,30.0
169-20687,13,2,30.0
169-20687,14,2,30.0
169-20687,15,2,30.0
169-20687,16,2,30.0
169-20687,17,2,30.0
169-20687,18,2,30.0
169-20687,19,2,30.0
169-20687,20,2,30.0
169-20687,21,2,30.0
169-20687,22,2,30.0
169-20687,23,2,30.0
17-20687,05,2,30.0
17-20687,06,4,15.0
17-20687,07,3,20.0
17-20687,08,4,15.0
17-20687,09,4,15.0
17-20687,10,4,15.0
17-20687,11,2,30.0
17-20687,12,4,15.0
17-20687,13,2,30.0
17-20687,14,2,30.0
17-20687,15,4,15.0
17-20687,16,3,20.0
17-20687,17,4,15.0
17-20687,18,4,15.0
17-20687,19,2,30.0
17-20687,20,4,15.0
17-20687,21,2,30.0
17-20687,22,2,30.0
17-20687,23,4,15.0
174-20687,05,2,30.0
174-20687,06,2,30.0
174-20687,07,2,30.0
174-20687,08,2,30.0
174-20687,09,2,30.0
174-20687,10,2,30.0
174-20687,11,2,30.0
174-20687,12,2,30.0
174-20687,13,2,30.0
174-20687,14,2,30.0
174-20687,15,2,30.0
174-20687,16,2,30.0
174-20687,17,2,30.0
174-20687,18,2,30.0
174-20687,19,2,30.0
174-20687,20,2,30.0
174-20687,21,2,30.0
174-20687,22,2,30.0
174-20687,23,2,30.0
174-20687,24,1,60.0
19-20687,05,3,20.0
19-20687,06,4,15.0
19-20687,07,4,15.0
19-20687,08,4,15.0
19-20687,09,4,15.0
19-20687,10,4,15.0
19-20687,11,4,15.0
19-20687,12,4,15.0
19-20687,13,4,15.0
19-20687,14,4,15.0
19-20687,15,4,15.0
19-20687,16,3,20.0
19-20687,17,4,15.0
19-20687,18,5,12.0
19-20687,19,4,15.0
19-20687,20,5,12.0
19-20687,21,4,15.0
19-20687,22,5,12.0
19-20687,23,5,12.0
19-20687,24,4,15.0
19-20687,25,4,15.0
194-20687,05,4,15.0
194-20687,06,4,15.0
194-20687,07,6,10.0
194-20687,08,4,15.0
194-20687,09,4,15.0
194-20687,10,2,30.0
194-20687,11,2,30.0
194-20687,12,3,20.0
194-20687,13,2,30.0
194-20687,14,5,12.0
194-20687,15,4,15.0
194-20687,16,4,15.0
194-20687,17,6,10.0
194-20687,18,4,15.0
194-20687,19,2,30.0
2-20687,05,1,60.0
2-20687,06,5,12.0
2-20687,07,5,12.0
2-20687,08,7,8.571428571428571
2-20687,09,6,10.0
2-20687,10,4,15.0
2-20687,11,5,12.0
2-20687,12,4,15.0
2-20687,13,4,15.0
2-20687,14,4,15.0
2-20687,15,6,10.0
2-20687,16,6,10.0
2-20687,17,6,10.0
2-20687,18,7,8.571428571428571
2-20687,19,8,7.5
2-20687,20,5,12.0
2-20687,21,4,15.0
2-20687,22,5,12.0
2-20687,23,5,12.0
2-20687,24,6,10.0
20-20687,05,2,30.0
20-20687,06,4,15.0
20-20687,07,4,15.0
20-20687,08,6,10.0
20-20687,09,7,8.571428571428571
20-20687,10,4,15.0
20-20687,11,6,10.0
20-20687,12,4,15.0
20-20687,13,4,15.0
20-20687,14,5,12.0
20-20687,15,6,10.0
20-20687,16,7,8.571428571428571
20-20687,17,4,15.0
20-20687,18,6,10.0
20-20687,19,4,15.0
20-20687,20,4,15.0
20-20687,21,6,10.0
20-20687,22,4,15.0
20-20687,23,5,12.0
20-20687,24,8,7.5
20-20687,25,4,15.0
21-20687,05,3,20.0
21-20687,06,3,20.0
21-20687,07,4,15.0
21-20687,08,3,20.0
21-20687,09,3,20.0
21-20687,10,3,20.0
21-20687,11,4,15.0
21-20687,12,3,20.0
21-20687,13,3,20.0
21-20687,14,4,15.0
21-20687,15,3,20.0
21-20687,16,3,20.0
21-20687,17,4,15.0
21-20687,18,3,20.0
21-20687,19,3,20.0
21-20687,20,2,30.0
21-20687,21,2,30.0
21-20687,22,2,30.0
21-20687,23,2,30.0
21-20687,24,2,30.0
21-20687,25,1,60.0
22-20687,05,1,60.0
22-20687,06,3,20.0
22-20687,07,5,12.0
22-20687,08,6,10.0
22-20687,09,5,12.0
22-20687,10,5,12.0
22-20687,11,5,12.0
22-20687,12,6,10.0
22-20687,13,5,12.0
22-20687,14,5,12.0
22-20687,15,5,12.0
22-20687,16,5,12.0
22-20687,17,5,12.0
22-20687,18,4,15.0
22-20687,19,4,15.0
22-20687,20,4,15.0
22-20687,21,4,15.0
22-20687,22,2,30.0
22-20687,23,4,15.0
22-20687,24,3,20.0
23-20687,05,4,15.0
23-20687,06,8,7.5
23-20687,07,11,5.454545454545454
23-20687,08,10,6.0
23-20687,09,7,8.571428571428571
23-20687,10,6,10.0
23-20687,11,5,12.0
23-20687,12,6,10.0
23-20687,13,6,10.0
23-20687,14,5,12.0
23-20687,15,10,6.0
23-20687,16,10,6.0
23-20687,17,8,7.5
23-20687,18,9,6.666666666666667
23-20687,19,7,8.571428571428571
23-20687,20,7,8.571428571428571
23-20687,21,4,15.0
23-20687,22,6,10.0
23-20687,23,6,10.0
23-20687,24,6,10.0
23-20687,25,4,15.0
23-20687,26,1,60.0
24-20687,05,1,60.0
24-20687,06,4,15.0
24-20687,07,4,15.0
24-20687,08,4,15.0
24-20687,09,4,15.0
24-20687,10,4,15.0
24-20687,11,4,15.0
24-20687,12,4,15.0
24-20687,13,4,15.0
24-20687,14,4,15.0
24-20687,15,4,15.0
24-20687,16,4,15.0
24-20687,17,4,15.0
24-20687,18,4,15.0
24-20687,19,4,15.0
24-20687,20,4,15.0
24-20687,21,4,15.0
24-20687,22,4,15.0
24-20687,23,5,12.0
24-20687,24,6,10.0
27-20687,06,1,60.0
27-20687,07,2,30.0
27-20687,08,4,15.0
27-20687,09,3,20.0
27-20687,10,3,20.0
27-20687,11,3,20.0
27-20687,12,3,20.0
27-20687,13,3,20.0
27-20687,14,3,20.0
27-20687,15,2,30.0
27-20687,16,3,20.0
27-20687,17,3,20.0
27-20687,18,3,20.0
27-20687,19,1,60.0
27-20687,20,2,30.0
27-20687,21,1,60.0
28-20687,05,1,60.0
28-20687,06,2,30.0
28-20687,07,2,30.0
28-20687,08,2,30.0
28-20687,09,2,30.0
28-20687,10,2,30.0
28-20687,11,2,30.0
28-20687,12,2,30.0
28-20687,13,2,30.0
28-20687,14,2,30.0
28-20687,15,2,30.0
28-20687,16,2,30.0
28-20687,17,2,30.0
28-20687,18,2,30.0
28-20687,19,2,30.0
28-20687,20,2,30.0
28-20687,21,2,30.0
28-20687,22,2,30.0
28-20687,23,1,60.0
28-20687,24,1,60.0
29-20687,05,2,30.0
29-20687,06,1,60.0
29-20687,07,2,30.0
29-20687,08,2,30.0
29-20687,09,1,60.0
29-20687,10,2,30.0
29-20687,11,2,30.0
29-20687,12,2,30.0
29-20687,13,1,60.0
29-20687,14,2,30.0
29-20687,15,2,30.0
29-20687,16,1,60.0
29-20687,17,2,30.0
29-20687,18,2,30.0
29-20687,19,2,30.0
29-20687,20,1,60.0
29-20687,21,2,30.0
29-20687,22,2,30.0
29-20687,23,2,30.0
299-20687,05,1,60.0
299-20687,06,2,30.0
299-20687,07,2,30.0
299-20687,08,2,30.0
299-20687,09,3,20.0
299-20687,10,2,30.0
299-20687,11,2,30.0
299-20687,12,2,30.0
299-20687,13,2,30.0
299-20687,14,2,30.0
299-20687,15,1,60.0
299-20687,16,2,30.0
299-20687,17,2,30.0
299-20687,18,3,20.0
299-20687,19,2,30.0
299-20687,20,2,30.0
299-20687,21,2,30.0
299-20687,22,2,30.0
299-20687,23,2,30.0
3-20687,05,3,20.0
3-20687,06,6,10.0
3-20687,07,8,7.5
3-20687,08,13,4.615384615384615
3-20687,09,13,4.615384615384615
3-20687,10,8,7.5
3-20687,11,8,7.5
3-20687,12,8,7.5
3-20687,13,8,7.5
3-20687,14,8,7.5
3-20687,15,12,5.0
3-20687,16,15,4.0
3-20687,17,10,6.0
3-20687,18,11,5.454545454545454
3-20687,19,8,7.5
3-20687,20,8,7.5
3-20687,21,8,7.5
3-20687,22,7,8.571428571428571
3-20687,23,5,12.0
3-20687,24,5,12.0
30-20687,06,2,30.0
30-20687,07,2,30.0
30-20687,08,2,30.0
30-20687,09,2,30.0
30-20687,10,2,30.0
30-20687,11,2,30.0
30-20687,12,2,30.0
30-20687,13,2,30.0
30-20687,14,2,30.0
30-20687,15,2,30.0
30-20687,16,2,30.0
30-20687,17,2,30.0
30-20687,18,2,30.0
30-20687,19,2,30.0
30-20687,20,2,30.0
30-20687,21,1,60.0
300-20687,05,3,20.0
300-20687,06,4,15.0
300-20687,07,4,15.0
300-20687,08,4,15.0
300-20687,09,4,15.0
300-20687,10,4,15.0
300-20687,11,4,15.0
300-20687,12,4,15.0
300-20687,13,4,15.0
300-20687,14,4,15.0
300-20687,15,4,15.0
300-20687,16,3,20.0
300-20687,17,3,20.0
300-20687,18,4,15.0
300-20687,19,4,15.0
300-20687,20,4,15.0
300-20687,21,5,12.0
300-20687,22,4,15.0
300-20687,23,4,15.0
300-20687,24,5,12.0
301-20687,05,3,20.0
301-20687,06,7,8.571428571428571
301-20687,07,14,4.285714285714286
301-20687,08,17,3.5294117647058822
301-20687,09,10,6.0
301-20687,10,10,6.0
301-20687,11,10,6.0
301-20687,12,10,6.0
301-20687,13,10,6.0
301-20687,14,9,6.666666666666667
301-20687,15,13,4.615384615384615
301-20687,16,16,3.75
301-20687,17,14,4.285714285714286
301-20687,18,13,4.615384615384615
301-20687,19,9,6.666666666666667
301-20687,20,6,10.0
301-20687,21,6,10.0
301-20687,22,6,10.0
301-20687,23,5,12.0
301-20687,24,6,10.0
302-20687,04,1,60.0
302-20687,05,4,15.0
302-20687,06,6,10.0
302-20687,07,6,10.0
302-20687,08,6,10.0
302-20687,09,6,10.0
302-20687,10,5,12.0
302-20687,11,5,12.0
302-20687,12,5,12.0
302-20687,13,5,12.0
302-20687,14,5,12.0
302-20687,15,5,12.0
302-20687,16,6,10.0
302-20687,17,7,8.571428571428571
302-20687,18,6,10.0
302-20687,19,6,10.0
302-20687,20,5,12.0
302-20687,21,5,12.0
302-20687,22,6,10.0
302-20687,23,3,20.0
303-20687,05,1,60.0
303-20687,06,5,12.0
303-20687,07,9,6.666666666666667
303-20687,08,10,6.0
303-20687,09,7,8.571428571428571
303-20687,10,5,12.0
303-20687,11,6,10.0
303-20687,12,6,10.0
303-20687,13,6,10.0
303-20687,14,6,10.0
303-20687,15,8,7.5
303-20687,16,9,6.666666666666667
303-20687,17,9,6.666666666666667
303-20687,18,4,15.0
303-20687,19,6,10.0
303-20687,20,5,12.0
303-20687,21,5,12.0
303-20687,22,5,12.0
303-20687,23,6,10.0
303-20687,24,4,15.0
303-20687,25,1,60.0
304-20687,06,5,12.0
304-20687,07,7,8.571428571428571
304-20687,08,8,7.5
304-20687,09,7,8.571428571428571
304-20687,10,6,10.0
304-20687,11,4,15.0
304-20687,12,6,10.0
304-20687,13,6,10.0
304-20687,14,6,10.0
304-20687,15,6,10.0
304-20687,16,8,7.5
304-20687,17,7,8.571428571428571
304-20687,18,7,8.571428571428571
304-20687,19,6,10.0
304-20687,20,4,15.0
304-20687,21,6,10.0
304-20687,22,6,10.0
304-20687,23,4,15.0
305-20687,07,3,20.0
305-20687,08,3,20.0
305-20687,16,2,30.0
305-20687,17,3,20.0
305-20687,18,1,60.0
306-20687,06,4,15.0
306-20687,07,5,12.0
306-20687,08,5,12.0
306-20687,09,5,12.0
306-20687,10,5,12.0
306-20687,11,6,10.0
306-20687,12,5,12.0
306-20687,13,5,12.0
306-20687,14,6,10.0
306-20687,15,4,15.0
306-20687,16,6,10.0
306-20687,17,5,12.0
306-20687,18,5,12.0
306-20687,19,6,10.0
306-20687,20,4,15.0
306-20687,21,4,15.0
306-20687,22,4,15.0
306-20687,23,3,20.0
307-20687,05,2,30.0
307-20687,06,6,10.0
307-20687,07,6,10.0
307-20687,08,6,10.0
307-20687,09,6,10.0
307-20687,10,6,10.0
307-20687,11,6,10.0
307-20687,12,6,10.0
307-20687,13,6,10.0
307-20687,14,6,10.0
307-20687,15,6,10.0
307-20687,16,5,12.0
307-20687,17,7,8.571428571428571
307-20687,18,8,7.5
307-20687,19,6,10.0
307-20687,20,5,12.0
307-20687,21,5,12.0
307-20687,22,5,12.0
307-20687,23,4,15.0
307-20687,24,3,20.0
31-20687,05,1,60.0
31-20687,06,4,15.0
31-20687,07,3,20.0
31-20687,08,4,15.0
31-20687,09,4,15.0
31-20687,10,4,15.0
31-20687,11,2,30.0
31-20687,12,4,15.0
31-20687,13,4,15.0
31-20687,14,4,15.0
31-20687,15,3,20.0
31-20687,16,4,15.0
31-20687,17,4,15.0
31-20687,18,2,30.0
31-20687,19,4,15.0
31-20687,20,4,15.0
31-20687,21,4,15.0
31-20687,22,2,30.0
31-20687,23,4,15.0
31-20687,24,3,20.0
31-20687,25,1,60.0
32-20687,06,4,15.0
32-20687,07,6,10.0
32-20687,08,5,12.0
32-20687,09,4,15.0
32-20687,10,4,15.0
32-20687,11,4,15.0
32-20687,12,4,15.0
32-20687,13,4,15.0
32-20687,14,4,15.0
32-20687,15,5,12.0
32-20687,16,5,12.0
32-20687,17,4,15.0
32-20687,18,4,15.0
32-20687,19,4,15.0
32-20687,20,4,15.0
32-20687,21,5,12.0
32-20687,22,4,15.0
32-20687,23,5,12.0
33-20687,05,2,30.0
33-20687,06,2,30.0
33-20687,07,4,15.0
33-20687,08,4,15.0
33-20687,09,4,15.0
33-20687,10,4,15.0
33-20687,11,4,15.0
33-20687,12,4,15.0
33-20687,13,4,15.0
33-20687,14,4,15.0
33-20687,15,4,15.0
33-20687,16,4,15.0
33-20687,17,4,15.0
33-20687,18,5,12.0
33-20687,19,3,20.0
33-20687,20,2,30.0
33-20687,21,3,20.0
33-20687,22,1,60.0
34-20687,05,2,30.0
34-20687,06,2,30.0
34-20687,07,3,20.0
34-20687,08,4,15.0
34-20687,09,3,20.0
34-20687,10,3,20.0
34-20687,11,3,20.0
34-20687,12,3,20.0
34-20687,13,3,20.0
34-20687,14,3,20.0
34-20687,15,3,20.0
34-20687,16,3,20.0
34-20687,17,3,20.0
34-20687,18,4,15.0
34-20687,19,1,60.0
35-20687,05,1,60.0
35-20687,06,2,30.0
35-20687,07,2,30.0
35-20687,08,2,30.0
35-20687,09,2,30.0
35-20687,10,2,30.0
35-20687,11,2,30.0
35-20687,12,2,30.0
35-20687,13,2,30.0
35-20687,14,2,30.0
35-20687,15,2,30.0
35-20687,16,2,30.0
35-20687,17,2,30.0
35-20687,18,2,30.0
35-20687,19,2,30.0
35-20687,20,2,30.0
35-20687,21,2,30.0
35-20687,22,2,30.0
35-20687,23,2,30.0
35-20687,24,1,60.0
36-20687,05,1,60.0
36-20687,06,1,60.0
36-20687,07,2,30.0
36-20687,08,2,30.0
36-20687,09,2,30.0
36-20687,10,2,30.0
36-20687,11,2,30.0
36-20687,12,2,30.0
36-20687,13,2,30.0
36-20687,14,2,30.0
36-20687,15,2,30.0
36-20687,16,2,30.0
36-20687,17,2,30.0
36-20687,18,2,30.0
36-20687,19,1,60.0
36-20687,20,2,30.0
36-20687,21,1,60.0
36-20687,22,1,60.0
36-20687,23,2,30.0
37-20687,04,3,20.0
37-20687,05,5,12.0
37-20687,06,5,12.0
37-20687,07,9,6.666666666666667
37-20687,08,7,8.571428571428571
37-20687,09,6,10.0
37-20687,10,8,7.5
37-20687,11,6,10.0
37-20687,12,6,10.0
37-20687,13,8,7.5
37-20687,14,6,10.0
37-20687,15,6,10.0
37-20687,16,8,7.5
37-20687,17,6,10.0
37-20687,18,6,10.0
37-20687,19,6,10.0
37-20687,20,4,15.0
37-20687,21,4,15.0
37-20687,22,4,15.0
37-20687,23,4,15.0
38-20687,04,1,60.0
38-20687,05,5,12.0
38-20687,06,7,8.571428571428571
38-20687,07,6,10.0
38-20687,08,9,6.666666666666667
38-20687,09,9,6.666666666666667
38-20687,10,6,10.0
38-20687,11,7,8.571428571428571
38-20687,12,7,8.571428571428571
38-20687,13,6,10.0
38-20687,14,6,10.0
38-20687,15,8,7.5
38-20687,16,10,6.0
38-20687,17,6,10.0
38-20687,18,8,7.5
38-20687,19,5,12.0
38-20687,20,6,10.0
38-20687,21,4,15.0
38-20687,22,6,10.0
38-20687,23,4,15.0
38-20687,24,4,15.0
38-20687,25,4,15.0
4-20687,06,1,60.0
4-20687,07,3,20.0
4-20687,08,2,30.0
4-20687,09,2,30.0
4-20687,10,2,30.0
4-20687,11,2,30.0
4-20687,12,3,20.0
4-20687,13,2,30.0
4-20687,14,2,30.0
4-20687,15,2,30.0
4-20687,16,2,30.0
4-20687,17,3,20.0
4-20687,18,2,30.0
4-20687,19,3,20.0
4-20687,20,2,30.0
4-20687,21,2,30.0
4-20687,22,2,30.0
4-20687,23,2,30.0
4-20687,24,2,30.0
40-20687,06,2,30.0
40-20687,07,3,20.0
40-20687,08,4,15.0
40-20687,09,3,20.0
40-20687,10,3,20.0
40-20687,11,4,15.0
40-20687,12,3,20.0
40-20687,13,4,15.0
40-20687,14,3,20.0
40-20687,15,3,20.0
40-20687,16,4,15.0
40-20687,17,3,20.0
40-20687,18,4,15.0
40-20687,19,3,20.0
40-20687,20,4,15.0
40-20687,21,3,20.0
40-20687,22,3,20.0
40-20687,23,3,20.0
404-20687,06,1,60.0
404-20687,07,2,30.0
404-20687,08,2,30.0
404-20687,09,2,30.0
404-20687,10,2,30.0
404-20687,11,2,30.0
404-20687,12,2,30.0
404-20687,13,2,30.0
404-20687,14,2,30.0
404-20687,15,2,30.0
404-20687,16,2,30.0
404-20687,17,2,30.0
404-20687,18,2,30.0
404-20687,19,2,30.0
404-20687,20,1,60.0
408-20687,05,1,60.0
408-20687,06,3,20.0
408-20687,07,4,15.0
408-20687,08,4,15.0
408-20687,09,4,15.0
408-20687,10,4,15.0
408-20687,11,4,15.0
408-20687,12,4,15.0
408-20687,13,4,15.0
408-20687,14,4,15.0
408-20687,15,4,15.0
408-20687,16,4,15.0
408-20687,17,4,15.0
408-20687,18,4,15.0
408-20687,19,4,15.0
408-20687,20,4,15.0
408-20687,21,3,20.0
408-20687,22,2,30.0
408-20687,23,4,15.0
408-20687,24,2,30.0
41-20687,06,2,30.0
41-20687,07,2,30.0
41-20687,08,2,30.0
41-20687,09,2,30.0
41-20687,10,2,30.0
41-20687,11,2,30.0
41-20687,12,2,30.0
41-20687,13,2,30.0
41-20687,14,2,30.0
41-20687,15,2,30.0
41-20687,16,2,30.0
41-20687,17,2,30.0
41-20687,18,2,30.0
414-20687,06,1,60.0
414-20687,07,2,30.0
414-20687,08,2,30.0
414-20687,09,2,30.0
414-20687,10,2,30.0
414-20687,11,2,30.0
414-20687,12,2,30.0
414-20687,13,2,30.0
414-20687,14,2,30.0
414-20687,15,2,30.0
414-20687,16,2,30.0
414-20687,17,2,30.0
414-20687,18,1,60.0
414-20687,19,1,60.0
42-20687,05,3,20.0
42-20687,06,3,20.0
42-20687,07,3,20.0
42-20687,08,4,15.0
42-20687,09,3,20.0
42-20687,10,3,20.0
42-20687,11,3,20.0
42-20687,12,3,20.0
42-20687,13,3,20.0
42-20687,14,2,30.0
42-20687,15,5,12.0
42-20687,16,4,15.0
42-20687,17,4,15.0
42-20687,18,3,20.0
42-20687,19,3,20.0
42-20687,20,2,30.0
42-20687,21,3,20.0
42-20687,22,3,20.0
42-20687,23,3,20.0
42-20687,24,2,30.0
42-20687,25,1,60.0
421-20687,05,1,60.0
421-20687,06,2,30.0
421-20687,07,2,30.0
421-20687,08,2,30.0
421-20687,09,2,30.0
421-20687,10,2,30.0
421-20687,11,2,30.0
421-20687,12,2,30.0
421-20687,13,2,30.0
421-20687,14,2,30.0
421-20687,15,2,30.0
421-20687,16,2,30.0
421-20687,17,2,30.0
421-20687,18,2,30.0
421-20687,19,2,30.0
421-20687,20,2,30.0
421-20687,21,2,30.0
421-20687,22,2,30.0
421-20687,23,2,30.0
421-20687,24,1,60.0
422-20687,06,2,30.0
422-20687,07,3,20.0
422-20687,08,3,20.0
422-20687,09,2,30.0
422-20687,10,2,30.0
422-20687,11,2,30.0
422-20687,12,2,30.0
422-20687,13,2,30.0
422-20687,14,2,30.0
422-20687,15,2,30.0
422-20687,16,2,30.0
422-20687,17,2,30.0
422-20687,18,2,30.0
422-20687,19,2,30.0
422-20687,20,2,30.0
422-20687,21,2,30.0
43-20687,05,5,12.0
43-20687,06,7,8.571428571428571
43-20687,07,11,5.454545454545454
43-20687,08,8,7.5
43-20687,09,9,6.666666666666667
43-20687,10,7,8.571428571428571
43-20687,11,4,15.0
43-20687,12,6,10.0
43-20687,13,6,10.0
43-20687,14,4,15.0
43-20687,15,9,6.666666666666667
43-20687,16,12,5.0
43-20687,17,11,5.454545454545454
43-20687,18,10,6.0
43-20687,19,7,8.571428571428571
43-20687,20,5,12.0
43-20687,21,4,15.0
43-20687,22,5,12.0
43-20687,23,4,15.0
43-20687,24,4,15.0
43-20687,25,4,15.0
44-20687,05,2,30.0
44-20687,06,2,30.0
44-20687,07,4,15.0
44-20687,08,3,20.0
44-20687,09,3,20.0
44-20687,10,2,30.0
44-20687,11,4,15.0
44-20687,12,2,30.0
44-20687,13,4,15.0
44-20687,14,2,30.0
44-20687,15,4,15.0
44-20687,16,2,30.0
44-20687,17,4,15.0
44-20687,18,2,30.0
44-20687,19,4,15.0
440-20687,05,1,60.0
440-20687,06,3,20.0
440-20687,07,2,30.0
440-20687,08,3,20.0
440-20687,09,2,30.0
440-20687,15,2,30.0
440-20687,16,3,20.0
440-20687,17,2,30.0
440-20687,18,3,20.0
440-20687,19,2,30.0
449-20687,06,2,30.0
449-20687,07,2,30.0
449-20687,08,2,30.0
449-20687,09,3,20.0
449-20687,10,2,30.0
449-20687,11,3,20.0
449-20687,12,2,30.0
449-20687,13,2,30.0
449-20687,14,3,20.0
449-20687,15,2,30.0
449-20687,16,3,20.0
449-20687,17,2,30.0
449-20687,18,2,30.0
453-20687,05,3,20.0
453-20687,06,4,15.0
453-20687,07,4,15.0
453-20687,08,6,10.0
453-20687,09,4,15.0
453-20687,10,4,15.0
453-20687,11,4,15.0
453-20687,12,4,15.0
453-20687,13,4,15.0
453-20687,14,4,15.0
453-20687,15,4,15.0
453-20687,16,4,15.0
453-20687,17,4,15.0
453-20687,18,4,15.0
453-20687,19,4,15.0
453-20687,20,4,15.0
453-20687,21,4,15.0
453-20687,22,4,15.0
453-20687,23,1,60.0
46-20687,05,1,60.0
46-20687,06,2,30.0
46-20687,07,2,30.0
46-20687,08,2,30.0
46-20687,09,2,30.0
46-20687,10,2,30.0
46-20687,11,2,30.0
46-20687,12,2,30.0
46-20687,13,2,30.0
46-20687,14,2,30.0
46-20687,15,2,30.0
46-20687,16,3,20.0
46-20687,17,2,30.0
46-20687,18,2,30.0
46-20687,19,2,30.0
46-20687,20,2,30.0
46-20687,21,2,30.0
46-20687,22,2,30.0
46-20687,23,2,30.0
46-20687,24,2,30.0
48-20687,05,1,60.0
48-20687,06,3,20.0
48-20687,07,3,20.0
48-20687,08,3,20.0
48-20687,09,3,20.0
48-20687,10,3,20.0
48-20687,11,3,20.0
48-20687,12,3,20.0
48-20687,13,3,20.0
48-20687,14,3,20.0
48-20687,15,4,15.0
48-20687,16,3,20.0
48-20687,17,3,20.0
48-20687,18,3,20.0
48-20687,19,3,20.0
48-20687,20,3,20.0
48-20687,21,3,20.0
48-20687,22,3,20.0
48-20687,23,2,30.0
48-20687,24,2,30.0
48-20687,25,1,60.0
49-20687,05,2,30.0
49-20687,06,3,20.0
49-20687,07,3,20.0
49-20687,08,3,20.0
49-20687,09,3,20.0
49-20687,10,3,20.0
49-20687,11,3,20.0
49-20687,12,3,20.0
49-20687,13,3,20.0
49-20687,14,3,20.0
49-20687,15,3,20.0
49-20687,16,4,15.0
49-20687,17,3,20.0
49-20687,18,3,20.0
49-20687,19,3,20.0
49-20687,20,3,20.0
49-20687,21,3,20.0
49-20687,22,3,20.0
49-20687,23,1,60.0
49-20687,24,2,30.0
49-20687,25,1,60.0
5-20687,06,3,20.0
5-20687,07,2,30.0
5-20687,08,3,20.0
5-20687,09,3,20.0
5-20687,10,3,20.0
5-20687,11,2,30.0
5-20687,12,2,30.0
5-20687,13,2,30.0
5-20687,14,3,20.0
5-20687,15,2,30.0
5-20687,16,3,20.0
5-20687,17,3,20.0
5-20687,18,3,20.0
5-20687,19,3,20.0
5-20687,20,2,30.0
5-20687,21,2,30.0
5-20687,22,2,30.0
5-20687,23,2,30.0
5-20687,24,2,30.0
52-20687,05,2,30.0
52-20687,06,2,30.0
52-20687,07,2,30.0
52-20687,08,4,15.0
52-20687,09,2,30.0
52-20687,10,2,30.0
52-20687,11,2,30.0
52-20687,12,4,15.0
52-20687,13,2,30.0
52-20687,14,2,30.0
52-20687,15,3,20.0
52-20687,16,3,20.0
52-20687,17,2,30.0
52-20687,18,4,15.0
52-20687,19,2,30.0
52-20687,20,2,30.0
52-20687,21,3,20.0
52-20687,22,2,30.0
53-20687,05,1,60.0
53-20687,06,4,15.0
53-20687,07,4,15.0
53-20687,08,4,15.0
53-20687,09,4,15.0
53-20687,10,4,15.0
53-20687,11,4,15.0
53-20687,12,4,15.0
53-20687,13,4,15.0
53-20687,14,4,15.0
53-20687,15,4,15.0
53-20687,16,4,15.0
53-20687,17,4,15.0
53-20687,18,4,15.0
53-20687,19,4,15.0
53-20687,20,4,15.0
53-20687,21,4,15.0
53-20687,22,5,12.0
53-20687,23,2,30.0
54-20687,05,1,60.0
54-20687,06,2,30.0
54-20687,07,2,30.0
54-20687,08,2,30.0
54-20687,09,2,30.0
54-20687,10,2,30.0
54-20687,11,2,30.0
54-20687,12,2,30.0
54-20687,13,2,30.0
54-20687,14,2,30.0
54-20687,15,2,30.0
54-20687,16,2,30.0
54-20687,17,2,30.0
54-20687,18,2,30.0
54-20687,19,2,30.0
54-20687,20,2,30.0
54-20687,21,2,30.0
54-20687,22,2,30.0
54-20687,23,2,30.0
54-20687,24,1,60.0
55-20687,05,2,30.0
55-20687,06,4,15.0
55-20687,07,3,20.0
55-20687,08,3,20.0
55-20687,09,4,15.0
55-20687,10,3,20.0
55-20687,11,3,20.0
55-20687,12,4,15.0
55-20687,13,3,20.0
55-20687,14,3,20.0
55-20687,15,4,15.0
55-20687,16,3,20.0
55-20687,17,3,20.0
55-20687,18,4,15.0
55-20687,19,3,20.0
55-20687,20,2,30.0
55-20687,21,2,30.0
55-20687,22,2,30.0
55-20687,23,2,30.0
55-20687,24,2,30.0
55-20687,25,1,60.0
56-20687,05,2,30.0
56-20687,06,4,15.0
56-20687,07,3,20.0
56-20687,08,5,12.0
56-20687,09,4,15.0
56-20687,10,3,20.0
56-20687,11,4,15.0
56-20687,12,3,20.0
56-20687,13,4,15.0
56-20687,14,3,20.0
56-20687,15,3,20.0
56-20687,16,5,12.0
56-20687,17,4,15.0
56-20687,18,3,20.0
56-20687,19,4,15.0
56-20687,20,4,15.0
56-20687,21,3,20.0
56-20687,22,3,20.0
56-20687,23,4,15.0
56-20687,24,2,30.0
57-20687,04,1,60.0
57-20687,05,4,15.0
57-20687,06,4,15.0
57-20687,07,6,10.0
57-20687,08,4,15.0
57-20687,09,6,10.0
57-20687,10,5,12.0
57-20687,11,5,12.0
57-20687,12,5,12.0
57-20687,13,5,12.0
57-20687,14,6,10.0
57-20687,15,4,15.0
57-20687,16,6,10.0
57-20687,17,4,15.0
57-20687,18,6,10.0
57-20687,19,4,15.0
57-20687,20,6,10.0
57-20687,21,4,15.0
57-20687,22,4,15.0
57-20687,23,4,15.0
57-20687,24,4,15.0
57-20687,25,3,20.0
58-20687,05,3,20.0
58-20687,06,4,15.0
58-20687,07,4,15.0
58-20687,08,3,20.0
58-20687,09,5,12.0
58-20687,10,4,15.0
58-20687,11,4,15.0
58-20687,12,4,15.0
58-20687,13,4,15.0
58-20687,14,4,15.0
58-20687,15,7,8.571428571428571
58-20687,16,4,15.0
58-20687,17,4,15.0
58-20687,18,4,15.0
58-20687,19,4,15.0
58-20687,20,4,15.0
58-20687,21,4,15.0
58-20687,22,4,15.0
58-20687,23,4,15.0
58-20687,24,4,15.0
58-20687,25,1,60.0
59-20687,05,2,30.0
59-20687,06,2,30.0
59-20687,07,3,20.0
59-20687,08,2,30.0
59-20687,09,2,30.0
59-20687,10,1,60.0
59-20687,11,2,30.0
59-20687,12,1,60.0
59-20687,13,1,60.0
59-20687,14,2,30.0
59-20687,15,1,60.0
59-20687,16,3,20.0
59-20687,17,2,30.0
59-20687,18,2,30.0
59-20687,19,2,30.0
59-20687,20,2,30.0
59-20687,21,1,60.0
59-20687,22,1,60.0
59-20687,23,1,60.0
59-20687,24,1,60.0
6-20687,05,2,30.0
6-20687,06,4,15.0
6-20687,07,6,10.0
6-20687,08,5,12.0
6-20687,09,6,10.0
6-20687,10,6,10.0
6-20687,11,4,15.0
6-20687,12,6,10.0
6-20687,13,4,15.0
6-20687,14,6,10.0
6-20687,15,5,12.0
6-20687,16,5,12.0
6-20687,17,6,10.0
6-20687,18,4,15.0
6-20687,19,5,12.0
6-20687,20,4,15.0
6-20687,21,4,15.0
6-20687,22,5,12.0
6-20687,23,4,15.0
6-20687,24,2,30.0
6-20687,25,1,60.0
60-20687,05,2,30.0
60-20687,06,2,30.0
60-20687,07,1,60.0
60-20687,08,2,30.0
60-20687,09,2,30.0
60-20687,10,2,30.0
60-20687,11,2,30.0
60-20687,12,2,30.0
60-20687,13,2,30.0
60-20687,14,2,30.0
60-20687,15,2,30.0
60-20687,16,2,30.0
60-20687,17,2,30.0
60-20687,18,2,30.0
60-20687,19,2,30.0
60-20687,20,2,30.0
60-20687,21,2,30.0
60-20687,22,2,30.0
60-20687,23,2,30.0
60-20687,24,1,60.0
61-20687,05,2,30.0
61-20687,06,2,30.0
61-20687,07,2,30.0
61-20687,08,2,30.0
61-20687,09,2,30.0
61-20687,10,2,30.0
61-20687,11,2,30.0
61-20687,12,2,30.0
61-20687,13,2,30.0
61-20687,14,2,30.0
61-20687,15,2,30.0
61-20687,16,2,30.0
61-20687,17,1,60.0
61-20687,18,2,30.0
61-20687,19,2,30.0
61-20687,20,2,30.0
61-20687,21,2,30.0
61-20687,22,2,30.0
61-20687,23,2,30.0
61-20687,24,2,30.0
61-20687,25,1,60.0
62-20687,06,1,60.0
62-20687,07,2,30.0
62-20687,17,2,30.0
62-20687,18,1,60.0
64-20687,06,1,60.0
64-20687,07,3,20.0
64-20687,08,1,60.0
64-20687,16,2,30.0
64-20687,17,3,20.0
64-20687,18,1,60.0
65-20687,05,1,60.0
65-20687,06,5,12.0
65-20687,07,6,10.0
65-20687,08,6,10.0
65-20687,09,3,20.0
65-20687,10,4,15.0
65-20687,11,2,30.0
65-20687,12,4,15.0
65-20687,13,2,30.0
65-20687,14,4,15.0
65-20687,15,4,15.0
65-20687,16,6,10.0
65-20687,17,6,10.0
65-20687,18,6,10.0
65-20687,19,4,15.0
65-20687,20,2,30.0
65-20687,21,4,15.0
65-20687,22,2,30.0
65-20687,23,4,15.0
65-20687,24,1,60.0
66-20687,05,3,20.0
66-20687,06,6,10.0
66-20687,07,5,12.0
66-20687,08,5,12.0
66-20687,09,5,12.0
66-20687,10,5,12.0
66-20687,11,6,10.0
66-20687,12,5,12.0
66-20687,13,5,12.0
66-20687,14,5,12.0
66-20687,15,5,12.0
66-20687,16,6,10.0
66-20687,17,5,12.0
66-20687,18,5,12.0
66-20687,19,4,15.0
66-20687,20,4,15.0
66-20687,21,2,30.0
66-20687,22,4,15.0
66-20687,23,4,15.0
66-20687,24,3,20.0
67-20687,05,3,20.0
67-20687,06,4,15.0
67-20687,07,4,15.0
67-20687,08,4,15.0
67-20687,09,5,12.0
67-20687,10,4,15.0
67-20687,11,4,15.0
67-20687,12,4,15.0
67-20687,13,4,15.0
67-20687,14,4,15.0
67-20687,15,3,20.0
67-20687,16,4,15.0
67-20687,17,4,15.0
67-20687,18,4,15.0
67-20687,19,5,12.0
67-20687,20,3,20.0
67-20687,21,5,12.0
67-20687,22,4,15.0
67-20687,23,4,15.0
68-20687,06,2,30.0
68-20687,07,4,15.0
68-20687,08,4,15.0
68-20687,09,2,30.0
68-20687,15,4,15.0
68-20687,16,3,20.0
68-20687,17,3,20.0
68-20687,18,3,20.0
69-20687,07,1,60.0
69-20687,17,1,60.0
697-20687,08,1,60.0
698-20687,08,2,30.0
699-20687,08,1,60.0
7-20687,06,4,15.0
7-20687,07,6,10.0
7-20687,08,6,10.0
7-20687,09,6,10.0
7-20687,10,6,10.0
7-20687,11,6,10.0
7-20687,12,6,10.0
7-20687,13,6,10.0
7-20687,14,6,10.0
7-20687,15,6,10.0
7-20687,16,6,10.0
7-20687,17,6,10.0
7-20687,18,6,10.0
7-20687,19,5,12.0
7-20687,20,4,15.0
7-20687,21,4,15.0
7-20687,22,4,15.0
7-20687,23,4,15.0
7-20687,24,3,20.0
70-20687,06,1,60.0
70-20687,07,1,60.0
70-20687,17,2,30.0
702-20687,08,2,30.0
703-20687,08,2,30.0
704-20687,08,2,30.0
705-20687,08,1,60.0
706-20687,08,2,30.0
71-20687,05,3,20.0
71-20687,06,6,10.0
71-20687,07,6,10.0
71-20687,08,4,15.0
71-20687,09,6,10.0
71-20687,10,4,15.0
71-20687,11,6,10.0
71-20687,12,6,10.0
71-20687,13,4,15.0
71-20687,14,6,10.0
71-20687,15,4,15.0
71-20687,16,6,10.0
71-20687,17,6,10.0
71-20687,18,4,15.0
71-20687,19,6,10.0
71-20687,20,4,15.0
71-20687,21,4,15.0
71-20687,22,6,10.0
71-20687,23,4,15.0
71-20687,24,6,10.0
71-20687,25,2,30.0
711-20687,08,1,60.0
712-20687,08,1,60.0
713-20687,08,1,60.0
714-20687,08,3,20.0
715-20687,08,2,30.0
718-20687,08,2,30.0
719-20687,08,3,20.0
721-20687,08,1,60.0
722-20687,08,1,60.0
723-20687,08,1,60.0
724-20687,08,2,30.0
725-20687,08,1,60.0
731-20687,08,1,60.0
732-20687,08,1,60.0
733-20687,08,1,60.0
734-20687,08,1,60.0
736-20687,08,1,60.0
737-20687,08,1,60.0
738-20687,08,4,15.0
739-20687,08,1,60.0
74-20687,05,2,30.0
74-20687,06,2,30.0
74-20687,07,2,30.0
74-20687,08,2,30.0
74-20687,09,2,30.0
74-20687,10,2,30.0
74-20687,11,2,30.0
74-20687,12,2,30.0
74-20687,13,2,30.0
74-20687,14,2,30.0
74-20687,15,2,30.0
74-20687,16,2,30.0
74-20687,17,2,30.0
74-20687,18,2,30.0
74-20687,19,2,30.0
74-20687,20,2,30.0
74-20687,21,2,30.0
74-20687,22,2,30.0
74-20687,23,2,30.0
744-20687,08,2,30.0
745-20687,08,1,60.0
746-20687,08,2,30.0
747-20687,08,2,30.0
748-20687,08,1,60.0
75-20687,05,2,30.0
75-20687,06,4,15.0
75-20687,07,5,12.0
75-20687,08,5,12.0
75-20687,09,5,12.0
75-20687,10,4,15.0
75-20687,11,3,20.0
75-20687,12,4,15.0
75-20687,13,3,20.0
75-20687,14,4,15.0
75-20687,15,4,15.0
75-20687,16,6,10.0
75-20687,17,6,10.0
75-20687,18,7,8.571428571428571
75-20687,19,6,10.0
75-20687,20,3,20.0
75-20687,21,4,15.0
75-20687,22,4,15.0
75-20687,23,3,20.0
75-20687,24,4,15.0
751-20687,08,2,30.0
752-20687,08,2,30.0
753-20687,08,2,30.0
754-20687,08,1,60.0
756-20687,08,2,30.0
76-20687,05,2,30.0
76-20687,06,4,15.0
76-20687,07,5,12.0
76-20687,08,5,12.0
76-20687,09,4,15.0
76-20687,10,4,15.0
76-20687,11,4,15.0
76-20687,12,4,15.0
76-20687,13,4,15.0
76-20687,14,4,15.0
76-20687,15,6,10.0
76-20687,16,4,15.0
76-20687,17,4,15.0
76-20687,18,4,15.0
76-20687,19,4,15.0
76-20687,20,4,15.0
76-20687,21,4,15.0
76-20687,22,4,15.0
76-20687,23,4,15.0
76-20687,24,4,15.0
76-20687,25,1,60.0
760-20687,08,1,60.0
762-20687,08,1,60.0
763-20687,08,1,60.0
764-20687,08,1,60.0
765-20687,08,1,60.0
766-20687,08,4,15.0
767-20687,08,2,30.0
768-20687,08,1,60.0
77-20687,05,1,60.0
77-20687,06,2,30.0
77-20687,07,1,60.0
77-20687,08,2,30.0
77-20687,09,3,20.0
77-20687,10,2,30.0
77-20687,11,2,30.0
77-20687,12,2,30.0
77-20687,13,2,30.0
77-20687,14,2,30.0
77-20687,15,1,60.0
77-20687,16,2,30.0
77-20687,17,2,30.0
77-20687,18,3,20.0
77-20687,19,2,30.0
77-20687,20,2,30.0
77-20687,21,2,30.0
77-20687,22,2,30.0
77-20687,23,2,30.0
77-20687,24,1,60.0
773-20687,08,2,30.0
775-20687,08,1,60.0
776-20687,08,1,60.0
777-20687,08,1,60.0
778-20687,08,1,60.0
779-20687,08,1,60.0
78-20687,05,4,15.0
78-20687,06,6,10.0
78-20687,07,6,10.0
78-20687,08,7,8.571428571428571
78-20687,09,6,10.0
78-20687,10,4,15.0
78-20687,11,4,15.0
78-20687,12,4,15.0
78-20687,13,4,15.0
78-20687,14,4,15.0
78-20687,15,6,10.0
78-20687,16,8,7.5
78-20687,17,6,10.0
78-20687,18,6,10.0
78-20687,19,4,15.0
78-20687,20,4,15.0
78-20687,21,4,15.0
78-20687,22,4,15.0
78-20687,23,4,15.0
78-20687,24,4,15.0
78-20687,25,2,30.0
780-20687,08,1,60.0
782-20687,08,1,60.0
783-20687,07,1,60.0
786-20687,08,1,60.0
789-20687,09,1,60.0
79-20687,04,1,60.0
79-20687,05,5,12.0
79-20687,06,5,12.0
79-20687,07,5,12.0
79-20687,08,5,12.0
79-20687,09,3,20.0
79-20687,10,4,15.0
79-20687,11,4,15.0
79-20687,12,4,15.0
79-20687,13,4,15.0
79-20687,14,4,15.0
79-20687,15,4,15.0
79-20687,16,5,12.0
79-20687,17,5,12.0
79-20687,18,5,12.0
79-20687,19,4,15.0
790-20687,07,1,60.0
791-20687,08,1,60.0
792-20687,08,1,60.0
794-20687,07,1,60.0
795-20687,07,2,30.0
796-20687,08,1,60.0
797-20687,08,1,60.0
798-20687,07,1,60.0
799-20687,07,1,60.0
8-20687,05,3,20.0
8-20687,06,5,12.0
8-20687,07,6,10.0
8-20687,08,13,4.615384615384615
8-20687,09,7,8.571428571428571
8-20687,10,6,10.0
8-20687,11,5,12.0
8-20687,12,6,10.0
8-20687,13,5,12.0
8-20687,14,6,10.0
8-20687,15,8,7.5
8-20687,16,10,6.0
8-20687,17,6,10.0
8-20687,18,6,10.0
8-20687,19,6,10.0
8-20687,20,5,12.0
8-20687,21,4,15.0
8-20687,22,4,15.0
8-20687,23,4,15.0
8-20687,24,3,20.0
8-20687,25,4,15.0
801-20687,08,1,60.0
801-20687,16,1,60.0
802-20687,08,1,60.0
802-20687,16,1,60.0
805-20687,08,1,60.0
805-20687,16,1,60.0
807-20687,08,1,60.0
807-20687,16,1,60.0
81-20687,06,4,15.0
81-20687,07,3,20.0
81-20687,08,3,20.0
81-20687,09,4,15.0
81-20687,10,4,15.0
81-20687,11,4,15.0
81-20687,12,3,20.0
81-20687,13,4,15.0
81-20687,14,3,20.0
81-20687,15,4,15.0
81-20687,16,4,15.0
81-20687,17,3,20.0
81-20687,18,4,15.0
81-20687,19,4,15.0
81-20687,20,1,60.0
810-20687,08,1,60.0
811-20687,08,3,20.0
812-20687,08,1,60.0
813-20687,08,1,60.0
814-20687,08,1,60.0
815-20687,08,1,60.0
816-20687,08,1,60.0
817-20687,08,1,60.0
818-20687,08,1,60.0
819-20687,08,1,60.0
82-20687,06,2,30.0
82-20687,07,4,15.0
82-20687,08,7,8.571428571428571
82-20687,09,5,12.0
82-20687,10,4,15.0
82-20687,11,4,15.0
82-20687,12,4,15.0
82-20687,13,4,15.0
82-20687,14,4,15.0
82-20687,15,4,15.0
82-20687,16,6,10.0
82-20687,17,4,15.0
82-20687,18,4,15.0
82-20687,19,3,20.0
820-20687,08,1,60.0
821-20687,08,1,60.0
823-20687,08,1,60.0
825-20687,08,1,60.0
826-20687,08,1,60.0
83-20687,05,1,60.0
83-20687,06,2,30.0
83-20687,07,2,30.0
83-20687,08,2,30.0
83-20687,09,2,30.0
83-20687,10,2,30.0
83-20687,11,2,30.0
83-20687,12,2,30.0
83-20687,13,2,30.0
83-20687,14,2,30.0
83-20687,15,2,30.0
83-20687,16,2,30.0
83-20687,17,2,30.0
83-20687,18,2,30.0
83-20687,19,2,30.0
83-20687,20,2,30.0
83-20687,21,2,30.0
83-20687,22,2,30.0
83-20687,23,2,30.0
832-20687,08,2,30.0
832-20687,16,2,30.0
833-20687,08,2,30.0
833-20687,15,2,30.0
835-20687,15,1,60.0
836-20687,08,1,60.0
836-20687,15,1,60.0
839-20687,08,1,60.0
843-20687,08,1,60.0
845-20687,07,2,30.0
845-20687,15,2,30.0
848-20687,08,1,60.0
849-20687,08,1,60.0
85-20687,04,1,60.0
85-20687,05,4,15.0
85-20687,06,5,12.0
85-20687,07,5,12.0
85-20687,08,4,15.0
85-20687,09,6,10.0
85-20687,10,3,20.0
85-20687,11,2,30.0
85-20687,12,3,20.0
85-20687,13,3,20.0
85-20687,14,2,30.0
85-20687,15,4,15.0
85-20687,16,5,12.0
85-20687,17,4,15.0
85-20687,18,6,10.0
85-20687,19,2,30.0
85-20687,20,3,20.0
85-20687,21,3,20.0
85-20687,22,2,30.0
85-20687,23,3,20.0
851-20687,08,1,60.0
851-20687,16,1,60.0
853-20687,08,1,60.0
853-20687,16,1,60.0
858-20687,08,1,60.0
858-20687,15,1,60.0
86-20687,05,4,15.0
86-20687,06,4,15.0
86-20687,07,6,10.0
86-20687,08,6,10.0
86-20687,09,4,15.0
86-20687,10,4,15.0
86-20687,11,4,15.0
86-20687,12,4,15.0
86-20687,13,4,15.0
86-20687,14,4,15.0
86-20687,15,4,15.0
86-20687,16,4,15.0
86-20687,17,4,15.0
86-20687,18,4,15.0
86-20687,19,3,20.0
86-20687,20,3,20.0
86-20687,21,3,20.0
86-20687,22,3,20.0
86-20687,23,4,15.0
86-20687,24,2,30.0
86-20687,25,2,30.0
862-20687,08,1,60.0
863-20687,08,2,30.0
864-20687,08,2,30.0
865-20687,08,1,60.0
866-20687,08,2,30.0
867-20687,08,1,60.0
868-20687,08,1,60.0
87-20687,05,3,20.0
87-20687,06,4,15.0
87-20687,07,4,15.0
87-20687,08,5,12.0
87-20687,09,4,15.0
87-20687,10,4,15.0
87-20687,11,5,12.0
87-20687,12,4,15.0
87-20687,13,4,15.0
87-20687,14,4,15.0
87-20687,15,3,20.0
87-20687,16,5,12.0
87-20687,17,4,15.0
87-20687,18,4,15.0
87-20687,19,4,15.0
87-20687,20,4,15.0
87-20687,21,4,15.0
87-20687,22,4,15.0
87-20687,23,4,15.0
87-20687,24,1,60.0
871-20687,15,1,60.0
872-20687,15,1,60.0
877-20687,08,1,60.0
877-20687,15,1,60.0
878-20687,08,1,60.0
878-20687,15,2,30.0
88-20687,05,2,30.0
88-20687,06,2,30.0
88-20687,07,2,30.0
88-20687,08,2,30.0
88-20687,09,2,30.0
88-20687,10,2,30.0
88-20687,11,2,30.0
88-20687,12,2,30.0
88-20687,13,2,30.0
88-20687,14,2,30.0
88-20687,15,2,30.0
88-20687,16,2,30.0
88-20687,17,2,30.0
88-20687,18,2,30.0
88-20687,19,2,30.0
88-20687,20,2,30.0
88-20687,21,2,30.0
88-20687,22,2,30.0
88-20687,23,2,30.0
880-20687,08,1,60.0
880-20687,15,1,60.0
882-20687,14,1,60.0
887-20687,08,1,60.0
887-20687,15,1,60.0
89-20687,05,1,60.0
89-20687,06,2,30.0
89-20687,07,3,20.0
89-20687,08,3,20.0
89-20687,09,1,60.0
89-20687,16,3,20.0
89-20687,17,2,30.0
89-20687,18,2,30.0
89-20687,19,1,60.0
892-20687,08,1,60.0
892-20687,15,1,60.0
894-20687,08,1,60.0
894-20687,15,1,60.0
895-20687,08,1,60.0
895-20687,15,1,60.0
896-20687,08,1,60.0
896-20687,15,1,60.0
9-20687,05,3,20.0
9-20687,06,5,12.0
9-20687,07,5,12.0
9-20687,08,7,8.571428571428571
9-20687,09,9,6.666666666666667
9-20687,10,6,10.0
9-20687,11,6,10.0
9-20687,12,6,10.0
9-20687,13,6,10.0
9-20687,14,6,10.0
9-20687,15,8,7.5
9-20687,16,8,7.5
9-20687,17,7,8.571428571428571
9-20687,18,6,10.0
9-20687,19,7,8.571428571428571
9-20687,20,4,15.0
9-20687,21,4,15.0
9-20687,22,4,15.0
9-20687,23,4,15.0
9-20687,24,4,15.0
9-20687,25,5,12.0
90-20687,06,3,20.0
90-20687,07,4,15.0
90-20687,08,4,15.0
90-20687,09,3,20.0
90-20687,10,4,15.0
90-20687,11,4,15.0
90-20687,12,4,15.0
90-20687,13,3,20.0
90-20687,14,4,15.0
90-20687,15,4,15.0
90-20687,16,3,20.0
90-20687,17,4,15.0
90-20687,18,4,15.0
90-20687,19,4,15.0
90-20687,20,4,15.0
90-20687,21,4,15.0
90-20687,22,3,20.0
90-20687,23,2,30.0
91-20687,06,4,15.0
91-20687,07,6,10.0
91-20687,08,5,12.0
91-20687,09,6,10.0
91-20687,10,6,10.0
91-20687,11,5,12.0
91-20687,12,6,10.0
91-20687,13,6,10.0
91-20687,14,6,10.0
91-20687,15,5,12.0
91-20687,16,6,10.0
91-20687,17,6,10.0
91-20687,18,5,12.0
91-20687,19,6,10.0
91-20687,20,6,10.0
91-20687,21,6,10.0
91-20687,22,6,10.0
91-20687,23,5,12.0
91-20687,24,3,20.0
92-20687,05,3,20.0
92-20687,06,4,15.0
92-20687,07,4,15.0
92-20687,08,4,15.0
92-20687,09,4,15.0
92-20687,10,4,15.0
92-20687,11,4,15.0
92-20687,12,4,15.0
92-20687,13,4,15.0
92-20687,14,4,15.0
92-20687,15,4,15.0
92-20687,16,4,15.0
92-20687,17,4,15.0
92-20687,18,2,30.0
92-20687,19,4,15.0
92-20687,20,2,30.0
92-20687,21,2,30.0
92-20687,22,4,15.0
92-20687,23,2,30.0
92-20687,24,2,30.0
93-20687,05,3,20.0
93-20687,06,4,15.0
93-20687,07,4,15.0
93-20687,08,4,15.0
93-20687,09,4,15.0
93-20687,10,4,15.0
93-20687,11,4,15.0
93-20687,12,4,15.0
93-20687,13,4,15.0
93-20687,14,4,15.0
93-20687,15,4,15.0
93-20687,16,4,15.0
93-20687,17,4,15.0
93-20687,18,5,12.0
93-20687,19,4,15.0
93-20687,20,4,15.0
93-20687,21,4,15.0
93-20687,22,3,20.0
93-20687,23,5,12.0
93-20687,24,1,60.0
95-20687,05,1,60.0
95-20687,06,2,30.0
95-20687,07,2,30.0
95-20687,08,2,30.0
95-20687,09,1,60.0
95-20687,15,1,60.0
95-20687,16,2,30.0
95-20687,17,2,30.0
95-20687,18,2,30.0
96-20687,05,2,30.0
96-20687,06,4,15.0
96-20687,07,4,15.0
96-20687,08,4,15.0
96-20687,09,4,15.0
96-20687,10,4,15.0
96-20687,11,4,15.0
96-20687,12,4,15.0
96-20687,13,4,15.0
96-20687,14,4,15.0
96-20687,15,4,15.0
96-20687,16,4,15.0
96-20687,17,5,12.0
96-20687,18,3,20.0
96-20687,19,4,15.0
96-20687,20,2,30.0
96-20687,21,2,30.0
96-20687,22,4,15.0
96-20687,23,2,30.0
96-20687,24,3,20.0
97-20687,05,3,20.0
97-20687,06,4,15.0
97-20687,07,4,15.0
97-20687,08,4,15.0
97-20687,09,4,15.0
97-20687,10,4,15.0
97-20687,11,4,15.0
97-20687,12,4,15.0
97-20687,13,4,15.0
97-20687,14,4,15.0
97-20687,15,4,15.0
97-20687,16,4,15.0
97-20687,17,4,15.0
97-20687,18,4,15.0
97-20687,19,4,15.0
97-20687,20,4,15.0
97-20687,21,4,15.0
97-20687,22,4,15.0
97-20687,23,3,20.0
97-20687,24,1,60.0
98-20687,05,4,15.0
98-20687,06,4,15.0
98-20687,07,4,15.0
98-20687,08,4,15.0
98-20687,09,4,15.0
98-20687,10,4,15.0
98-20687,11,4,15.0
98-20687,12,4,15.0
98-20687,13,4,15.0
98-20687,14,4,15.0
98-20687,15,4,15.0
98-20687,16,4,15.0
98-20687,17,4,15.0
98-20687,18,4,15.0
98-20687,19,4,15.0
98-20687,20,4,15.0
98-20687,21,4,15.0
98-20687,22,4,15.0
98-20687,23,3,20.0
99-20687,04,1,60.0
99-20687,05,3,20.0
99-20687,06,2,30.0
99-20687,07,4,15.0
99-20687,08,4,15.0
99-20687,09,4,15.0
99-20687,10,4,15.0
99-20687,11,4,15.0
99-20687,12,4,15.0
99-20687,13,4,15.0
99-20687,14,4,15.0
99-20687,15,4,15.0
99-20687,16,4,15.0
99-20687,17,4,15.0
99-20687,18,4,15.0
99-20687,19,4,15.0
99-20687,20,4,15.0
99-20687,21,4,15.0
99-20687,22,4,15.0
99-20687,23,4,15.0
99-20687,24,3,20.0
