route_id,end_hr,buses per hour,headway by hour
1-20637,05,3,20.0
1-20637,06,4,15.0
1-20637,07,6,10.0
1-20637,08,5,12.0
1-20637,09,6,10.0
1-20637,10,6,10.0
1-20637,11,6,10.0
1-20637,12,6,10.0
1-20637,13,6,10.0
1-20637,14,6,10.0
1-20637,15,6,10.0
1-20637,16,7,8.571428571428571
1-20637,17,6,10.0
1-20637,18,6,10.0
1-20637,19,7,8.571428571428571
1-20637,20,6,10.0
1-20637,21,4,15.0
1-20637,22,5,12.0
1-20637,23,5,12.0
1-20637,24,6,10.0
10-20637,06,2,30.0
10-20637,07,4,15.0
10-20637,08,4,15.0
10-20637,09,4,15.0
10-20637,10,4,15.0
10-20637,11,4,15.0
10-20637,12,4,15.0
10-20637,13,4,15.0
10-20637,14,4,15.0
10-20637,15,4,15.0
10-20637,16,4,15.0
10-20637,17,4,15.0
10-20637,18,4,15.0
10-20637,19,3,20.0
10-20637,20,3,20.0
10-20637,21,3,20.0
10-20637,22,3,20.0
10-20637,23,3,20.0
100-20637,05,1,60.0
100-20637,06,4,15.0
100-20637,07,4,15.0
100-20637,08,4,15.0
100-20637,09,4,15.0
100-20637,10,4,15.0
100-20637,11,3,20.0
100-20637,12,4,15.0
100-20637,13,4,15.0
100-20637,14,4,15.0
100-20637,15,4,15.0
100-20637,16,3,20.0
100-20637,17,4,15.0
100-20637,18,4,15.0
100-20637,19,4,15.0
100-20637,20,3,20.0
100-20637,21,4,15.0
100-20637,22,4,15.0
100-20637,23,4,15.0
100-20637,24,4,15.0
100-20637,25,4,15.0
100-20637,26,1,60.0
101-20637,06,3,20.0
101-20637,07,3,20.0
101-20637,08,3,20.0
101-20637,09,3,20.0
101-20637,10,3,20.0
101-20637,11,3,20.0
101-20637,12,2,30.0
101-20637,13,3,20.0
101-20637,14,3,20.0
101-20637,15,3,20.0
101-20637,16,3,20.0
101-20637,17,3,20.0
101-20637,18,2,30.0
101-20637,19,4,15.0
101-20637,20,2,30.0
101-20637,21,2,30.0
102-20637,07,2,30.0
102-20637,16,1,60.0
102-20637,17,1,60.0
103-20637,06,1,60.0
103-20637,07,2,30.0
103-20637,17,2,30.0
103-20637,18,1,60.0
104-20637,06,4,15.0
104-20637,07,4,15.0
104-20637,08,4,15.0
104-20637,09,4,15.0
104-20637,10,4,15.0
104-20637,11,4,15.0
104-20637,12,4,15.0
104-20637,13,4,15.0
104-20637,14,4,15.0
104-20637,15,4,15.0
104-20637,16,4,15.0
104-20637,17,4,15.0
104-20637,18,4,15.0
104-20637,19,4,15.0
104-20637,20,4,15.0
104-20637,21,4,15.0
104-20637,22,4,15.0
104-20637,23,4,15.0
104-20637,24,4,15.0
104-20637,25,1,60.0
105-20637,05,2,30.0
105-20637,06,4,15.0
105-20637,07,4,15.0
105-20637,08,4,15.0
105-20637,09,4,15.0
105-20637,10,4,15.0
105-20637,11,4,15.0
105-20637,12,4,15.0
105-20637,13,4,15.0
105-20637,14,3,20.0
105-20637,15,5,12.0
105-20637,16,5,12.0
105-20637,17,4,15.0
105-20637,18,5,12.0
105-20637,19,4,15.0
105-20637,20,4,15.0
105-20637,21,3,20.0
105-20637,22,2,30.0
106-20637,06,2,30.0
106-20637,07,1,60.0
106-20637,08,1,60.0
106-20637,09,2,30.0
106-20637,10,1,60.0
106-20637,11,2,30.0
106-20637,12,1,60.0
106-20637,13,2,30.0
106-20637,14,1,60.0
106-20637,15,1,60.0
106-20637,16,2,30.0
106-20637,17,1,60.0
106-20637,18,2,30.0
106-20637,19,1,60.0
109-20637,06,1,60.0
109-20637,07,2,30.0
109-20637,16,1,60.0
109-20637,17,1,60.0
11-20637,05,1,60.0
11-20637,06,2,30.0
11-20637,07,2,30.0
11-20637,08,3,20.0
11-20637,09,2,30.0
11-20637,10,2,30.0
11-20637,11,2,30.0
11-20637,12,2,30.0
11-20637,13,2,30.0
11-20637,14,2,30.0
11-20637,15,2,30.0
11-20637,16,2,30.0
11-20637,17,2,30.0
11-20637,18,2,30.0
11-20637,19,2,30.0
11-20637,20,2,30.0
11-20637,21,2,30.0
110-20637,07,1,60.0
111-20637,06,6,10.0
111-20637,07,4,15.0
111-20637,08,4,15.0
111-20637,09,6,10.0
111-20637,10,4,15.0
111-20637,11,6,10.0
111-20637,12,4,15.0
111-20637,13,4,15.0
111-20637,14,6,10.0
111-20637,15,4,15.0
111-20637,16,6,10.0
111-20637,17,4,15.0
111-20637,18,4,15.0
111-20637,19,3,20.0
111-20637,20,3,20.0
111-20637,21,2,30.0
111-20637,22,3,20.0
113-20637,05,2,30.0
113-20637,06,2,30.0
113-20637,07,4,15.0
113-20637,08,4,15.0
113-20637,09,5,12.0
113-20637,10,4,15.0
113-20637,11,4,15.0
113-20637,12,4,15.0
113-20637,13,4,15.0
113-20637,14,4,15.0
113-20637,15,3,20.0
113-20637,16,4,15.0
113-20637,17,4,15.0
113-20637,18,5,12.0
113-20637,19,4,15.0
113-20637,20,4,15.0
113-20637,21,4,15.0
113-20637,22,4,15.0
113-20637,23,3,20.0
113-20637,24,1,60.0
114-20637,05,2,30.0
114-20637,06,2,30.0
114-20637,07,2,30.0
114-20637,08,2,30.0
114-20637,09,2,30.0
114-20637,10,2,30.0
114-20637,11,2,30.0
114-20637,12,2,30.0
114-20637,13,2,30.0
114-20637,14,2,30.0
114-20637,15,2,30.0
114-20637,16,2,30.0
114-20637,17,2,30.0
114-20637,18,2,30.0
114-20637,19,1,60.0
114-20637,20,2,30.0
114-20637,21,1,60.0
114-20637,22,2,30.0
114-20637,23,1,60.0
114-20637,24,1,60.0
115-20637,04,1,60.0
115-20637,05,2,30.0
115-20637,06,4,15.0
115-20637,07,2,30.0
115-20637,08,4,15.0
115-20637,09,4,15.0
115-20637,10,3,20.0
115-20637,11,3,20.0
115-20637,12,4,15.0
115-20637,13,2,30.0
115-20637,14,4,15.0
115-20637,15,3,20.0
115-20637,16,3,20.0
115-20637,17,4,15.0
115-20637,18,2,30.0
115-20637,19,4,15.0
115-20637,20,4,15.0
115-20637,21,2,30.0
115-20637,22,4,15.0
115-20637,23,3,20.0
116-20637,06,1,60.0
116-20637,07,3,20.0
116-20637,17,3,20.0
116-20637,18,1,60.0
117-20637,06,1,60.0
117-20637,07,2,30.0
117-20637,17,2,30.0
117-20637,18,1,60.0
118-20637,05,2,30.0
118-20637,06,1,60.0
118-20637,07,2,30.0
118-20637,08,2,30.0
118-20637,09,2,30.0
118-20637,10,2,30.0
118-20637,11,2,30.0
118-20637,12,2,30.0
118-20637,13,2,30.0
118-20637,14,2,30.0
118-20637,15,2,30.0
118-20637,16,2,30.0
118-20637,17,2,30.0
118-20637,18,2,30.0
118-20637,19,2,30.0
118-20637,20,2,30.0
118-20637,21,2,30.0
118-20637,22,2,30.0
118-20637,23,2,30.0
119-20637,06,2,30.0
119-20637,07,1,60.0
119-20637,08,1,60.0
119-20637,14,1,60.0
119-20637,15,1,60.0
119-20637,16,1,60.0
119-20637,17,1,60.0
119-20637,18,1,60.0
119-20637,23,1,60.0
12-20637,05,2,30.0
12-20637,06,3,20.0
12-20637,07,2,30.0
12-20637,08,2,30.0
12-20637,09,2,30.0
12-20637,10,2,30.0
12-20637,11,2,30.0
12-20637,12,2,30.0
12-20637,13,2,30.0
12-20637,14,2,30.0
12-20637,15,4,15.0
12-20637,16,2,30.0
12-20637,17,2,30.0
12-20637,18,2,30.0
12-20637,19,2,30.0
12-20637,20,2,30.0
12-20637,21,2,30.0
12-20637,22,2,30.0
12-20637,23,2,30.0
120-20637,05,2,30.0
120-20637,06,3,20.0
120-20637,07,3,20.0
120-20637,08,3,20.0
120-20637,09,3,20.0
120-20637,10,3,20.0
120-20637,11,3,20.0
120-20637,12,3,20.0
120-20637,13,3,20.0
120-20637,14,3,20.0
120-20637,15,3,20.0
120-20637,16,3,20.0
120-20637,17,3,20.0
120-20637,18,3,20.0
120-20637,19,3,20.0
120-20637,20,3,20.0
120-20637,21,3,20.0
120-20637,22,3,20.0
120-20637,23,3,20.0
123-20637,05,2,30.0
123-20637,06,5,12.0
123-20637,07,4,15.0
123-20637,08,7,8.571428571428571
123-20637,09,4,15.0
123-20637,10,5,12.0
123-20637,11,4,15.0
123-20637,12,4,15.0
123-20637,13,4,15.0
123-20637,14,4,15.0
123-20637,15,5,12.0
123-20637,16,5,12.0
123-20637,17,4,15.0
123-20637,18,5,12.0
123-20637,19,4,15.0
123-20637,20,3,20.0
123-20637,21,3,20.0
123-20637,22,4,15.0
123-20637,23,2,30.0
123-20637,24,4,15.0
124-20637,05,2,30.0
124-20637,06,5,12.0
124-20637,07,4,15.0
124-20637,08,7,8.571428571428571
124-20637,09,5,12.0
124-20637,10,4,15.0
124-20637,11,4,15.0
124-20637,12,4,15.0
124-20637,13,4,15.0
124-20637,14,4,15.0
124-20637,15,6,10.0
124-20637,16,6,10.0
124-20637,17,4,15.0
124-20637,18,6,10.0
124-20637,19,3,20.0
124-20637,20,3,20.0
124-20637,21,3,20.0
124-20637,22,3,20.0
124-20637,23,3,20.0
125-20637,05,1,60.0
125-20637,06,2,30.0
125-20637,07,2,30.0
125-20637,08,2,30.0
125-20637,09,2,30.0
125-20637,10,2,30.0
125-20637,11,2,30.0
125-20637,12,2,30.0
125-20637,13,2,30.0
125-20637,14,2,30.0
125-20637,15,2,30.0
125-20637,16,2,30.0
125-20637,17,2,30.0
125-20637,18,2,30.0
125-20637,19,2,30.0
125-20637,20,2,30.0
125-20637,21,1,60.0
126-20637,06,2,30.0
126-20637,07,2,30.0
126-20637,08,2,30.0
126-20637,09,2,30.0
126-20637,10,2,30.0
126-20637,11,2,30.0
126-20637,12,2,30.0
126-20637,13,2,30.0
126-20637,14,2,30.0
126-20637,15,2,30.0
126-20637,16,2,30.0
126-20637,17,2,30.0
126-20637,18,2,30.0
126-20637,19,2,30.0
126-20637,20,2,30.0
126-20637,21,2,30.0
126-20637,22,2,30.0
126-20637,23,2,30.0
126-20637,24,1,60.0
127-20637,05,3,20.0
127-20637,06,4,15.0
127-20637,07,4,15.0
127-20637,08,4,15.0
127-20637,09,4,15.0
127-20637,10,4,15.0
127-20637,11,4,15.0
127-20637,12,4,15.0
127-20637,13,4,15.0
127-20637,14,4,15.0
127-20637,15,4,15.0
127-20637,16,4,15.0
127-20637,17,4,15.0
127-20637,18,4,15.0
127-20637,19,4,15.0
127-20637,20,3,20.0
127-20637,21,4,15.0
127-20637,22,3,20.0
127-20637,23,3,20.0
128-20637,05,2,30.0
128-20637,06,3,20.0
128-20637,07,3,20.0
128-20637,08,4,15.0
128-20637,09,3,20.0
128-20637,15,3,20.0
128-20637,16,4,15.0
128-20637,17,4,15.0
128-20637,18,4,15.0
128-20637,19,3,20.0
129-20637,05,1,60.0
129-20637,06,4,15.0
129-20637,07,4,15.0
129-20637,08,5,12.0
129-20637,09,5,12.0
129-20637,10,4,15.0
129-20637,11,4,15.0
129-20637,12,4,15.0
129-20637,13,4,15.0
129-20637,14,4,15.0
129-20637,15,7,8.571428571428571
129-20637,16,4,15.0
129-20637,17,4,15.0
129-20637,18,4,15.0
129-20637,19,4,15.0
129-20637,20,4,15.0
129-20637,21,4,15.0
129-20637,22,4,15.0
129-20637,23,4,15.0
129-20637,24,1,60.0
13-20637,06,3,20.0
13-20637,07,4,15.0
13-20637,08,5,12.0
13-20637,09,5,12.0
13-20637,10,4,15.0
13-20637,11,6,10.0
13-20637,12,4,15.0
13-20637,13,5,12.0
13-20637,14,5,12.0
13-20637,15,4,15.0
13-20637,16,6,10.0
13-20637,17,4,15.0
13-20637,18,5,12.0
13-20637,19,4,15.0
13-20637,20,4,15.0
13-20637,21,3,20.0
13-20637,22,4,15.0
13-20637,23,4,15.0
133-20637,07,2,30.0
133-20637,17,1,60.0
133-20637,18,1,60.0
134-20637,05,1,60.0
134-20637,06,3,20.0
134-20637,07,3,20.0
134-20637,08,3,20.0
134-20637,09,3,20.0
134-20637,10,3,20.0
134-20637,11,3,20.0
134-20637,12,3,20.0
134-20637,13,3,20.0
134-20637,14,3,20.0
134-20637,15,3,20.0
134-20637,16,3,20.0
134-20637,17,3,20.0
134-20637,18,3,20.0
134-20637,19,3,20.0
134-20637,20,3,20.0
134-20637,21,3,20.0
134-20637,22,3,20.0
134-20637,23,3,20.0
134-20637,24,2,30.0
135-20637,05,3,20.0
135-20637,06,5,12.0
135-20637,07,5,12.0
135-20637,08,6,10.0
135-20637,09,3,20.0
135-20637,15,4,15.0
135-20637,16,6,10.0
135-20637,17,6,10.0
135-20637,18,4,15.0
135-20637,19,1,60.0
138-20637,05,4,15.0
138-20637,06,4,15.0
138-20637,07,4,15.0
138-20637,08,5,12.0
138-20637,09,4,15.0
138-20637,10,4,15.0
138-20637,11,4,15.0
138-20637,12,4,15.0
138-20637,13,4,15.0
138-20637,14,4,15.0
138-20637,15,5,12.0
138-20637,16,3,20.0
138-20637,17,4,15.0
138-20637,18,5,12.0
138-20637,19,4,15.0
138-20637,20,4,15.0
138-20637,21,4,15.0
138-20637,22,4,15.0
138-20637,23,4,15.0
138-20637,24,2,30.0
14-20637,04,1,60.0
14-20637,05,4,15.0
14-20637,06,4,15.0
14-20637,07,10,6.0
14-20637,08,8,7.5
14-20637,09,6,10.0
14-20637,10,4,15.0
14-20637,11,4,15.0
14-20637,12,4,15.0
14-20637,13,4,15.0
14-20637,14,4,15.0
14-20637,15,5,12.0
14-20637,16,8,7.5
14-20637,17,8,7.5
14-20637,18,5,12.0
14-20637,19,4,15.0
14-20637,20,4,15.0
14-20637,21,4,15.0
14-20637,22,4,15.0
14-20637,23,4,15.0
14-20637,24,4,15.0
142-20637,06,1,60.0
142-20637,07,2,30.0
142-20637,17,3,20.0
145-20637,05,5,12.0
145-20637,06,8,7.5
145-20637,07,7,8.571428571428571
145-20637,08,10,6.0
145-20637,09,7,8.571428571428571
145-20637,10,5,12.0
145-20637,11,5,12.0
145-20637,12,5,12.0
145-20637,13,4,15.0
145-20637,14,5,12.0
145-20637,15,9,6.666666666666667
145-20637,16,11,5.454545454545454
145-20637,17,11,5.454545454545454
145-20637,18,8,7.5
145-20637,19,6,10.0
145-20637,20,5,12.0
145-20637,21,5,12.0
145-20637,22,5,12.0
145-20637,23,5,12.0
145-20637,24,4,15.0
145-20637,25,5,12.0
146-20637,06,1,60.0
146-20637,07,2,30.0
146-20637,08,2,30.0
147-20637,05,1,60.0
147-20637,06,4,15.0
147-20637,07,4,15.0
147-20637,08,4,15.0
147-20637,09,2,30.0
147-20637,10,2,30.0
147-20637,11,2,30.0
147-20637,12,2,30.0
147-20637,13,2,30.0
147-20637,14,2,30.0
147-20637,15,4,15.0
147-20637,16,4,15.0
147-20637,17,4,15.0
147-20637,18,3,20.0
148-20637,05,3,20.0
148-20637,06,7,8.571428571428571
148-20637,07,8,7.5
148-20637,08,8,7.5
148-20637,09,5,12.0
148-20637,10,2,30.0
148-20637,11,2,30.0
148-20637,12,2,30.0
148-20637,13,2,30.0
148-20637,14,2,30.0
148-20637,15,6,10.0
148-20637,16,8,7.5
148-20637,17,8,7.5
148-20637,18,7,8.571428571428571
148-20637,19,4,15.0
148-20637,20,3,20.0
148-20637,21,2,30.0
148-20637,22,2,30.0
148-20637,23,2,30.0
149-20637,05,3,20.0
149-20637,06,4,15.0
149-20637,07,4,15.0
149-20637,08,4,15.0
149-20637,09,4,15.0
149-20637,10,4,15.0
149-20637,11,2,30.0
149-20637,12,4,15.0
149-20637,13,2,30.0
149-20637,14,4,15.0
149-20637,15,4,15.0
149-20637,16,4,15.0
149-20637,17,4,15.0
149-20637,18,5,12.0
149-20637,19,4,15.0
15-20637,05,3,20.0
15-20637,06,2,30.0
15-20637,07,4,15.0
15-20637,08,4,15.0
15-20637,09,2,30.0
15-20637,10,4,15.0
15-20637,11,4,15.0
15-20637,12,4,15.0
15-20637,13,2,30.0
15-20637,14,4,15.0
15-20637,15,4,15.0
15-20637,16,2,30.0
15-20637,17,4,15.0
15-20637,18,4,15.0
15-20637,19,2,30.0
15-20637,20,2,30.0
15-20637,21,2,30.0
15-20637,22,2,30.0
15-20637,23,2,30.0
15-20637,24,1,60.0
150-20637,05,1,60.0
150-20637,06,4,15.0
150-20637,07,4,15.0
150-20637,08,4,15.0
150-20637,09,2,30.0
150-20637,10,2,30.0
150-20637,11,2,30.0
150-20637,12,2,30.0
150-20637,13,3,20.0
150-20637,14,3,20.0
150-20637,15,4,15.0
150-20637,16,2,30.0
150-20637,17,6,10.0
150-20637,18,4,15.0
150-20637,19,1,60.0
151-20637,06,1,60.0
151-20637,07,1,60.0
151-20637,17,1,60.0
151-20637,18,1,60.0
152-20637,06,3,20.0
152-20637,07,3,20.0
152-20637,08,3,20.0
152-20637,09,3,20.0
152-20637,10,3,20.0
152-20637,11,3,20.0
152-20637,12,3,20.0
152-20637,13,3,20.0
152-20637,14,3,20.0
152-20637,15,3,20.0
152-20637,16,3,20.0
152-20637,17,3,20.0
152-20637,18,2,30.0
153-20637,05,1,60.0
153-20637,06,5,12.0
153-20637,07,4,15.0
153-20637,08,7,8.571428571428571
153-20637,09,5,12.0
153-20637,10,4,15.0
153-20637,11,6,10.0
153-20637,12,4,15.0
153-20637,13,5,12.0
153-20637,14,5,12.0
153-20637,15,4,15.0
153-20637,16,6,10.0
153-20637,17,6,10.0
153-20637,18,6,10.0
153-20637,19,3,20.0
153-20637,20,4,15.0
153-20637,21,3,20.0
153-20637,22,3,20.0
153-20637,23,4,15.0
153-20637,24,1,60.0
154-20637,05,1,60.0
154-20637,06,2,30.0
154-20637,07,2,30.0
154-20637,08,2,30.0
154-20637,09,2,30.0
154-20637,10,2,30.0
154-20637,11,2,30.0
154-20637,12,2,30.0
154-20637,13,2,30.0
154-20637,14,2,30.0
154-20637,15,2,30.0
154-20637,16,2,30.0
154-20637,17,2,30.0
154-20637,18,2,30.0
154-20637,19,2,30.0
154-20637,20,2,30.0
154-20637,21,2,30.0
154-20637,22,2,30.0
154-20637,23,2,30.0
154-20637,24,2,30.0
154-20637,25,1,60.0
155-20637,05,3,20.0
155-20637,06,3,20.0
155-20637,07,3,20.0
155-20637,08,4,15.0
155-20637,09,4,15.0
155-20637,10,4,15.0
155-20637,11,4,15.0
155-20637,12,3,20.0
155-20637,13,3,20.0
155-20637,14,4,15.0
155-20637,15,4,15.0
155-20637,16,4,15.0
155-20637,17,3,20.0
155-20637,18,4,15.0
155-20637,19,4,15.0
155-20637,20,3,20.0
155-20637,21,4,15.0
155-20637,22,4,15.0
155-20637,23,4,15.0
155-20637,24,4,15.0
156-20637,05,3,20.0
156-20637,06,4,15.0
156-20637,07,4,15.0
156-20637,08,4,15.0
156-20637,09,4,15.0
156-20637,10,4,15.0
156-20637,11,4,15.0
156-20637,12,4,15.0
156-20637,13,4,15.0
156-20637,14,4,15.0
156-20637,15,4,15.0
156-20637,16,4,15.0
156-20637,17,4,15.0
156-20637,18,4,15.0
156-20637,19,4,15.0
156-20637,20,4,15.0
156-20637,21,4,15.0
156-20637,22,4,15.0
156-20637,23,3,20.0
157-20637,04,1,60.0
157-20637,05,3,20.0
157-20637,06,4,15.0
157-20637,07,4,15.0
157-20637,08,4,15.0
157-20637,09,4,15.0
157-20637,10,4,15.0
157-20637,11,4,15.0
157-20637,12,4,15.0
157-20637,13,4,15.0
157-20637,14,4,15.0
157-20637,15,4,15.0
157-20637,16,4,15.0
157-20637,17,4,15.0
157-20637,18,4,15.0
157-20637,19,4,15.0
157-20637,20,4,15.0
157-20637,21,4,15.0
157-20637,22,4,15.0
157-20637,23,4,15.0
157-20637,24,4,15.0
157-20637,25,1,60.0
158-20637,05,2,30.0
158-20637,06,2,30.0
158-20637,07,2,30.0
158-20637,08,2,30.0
158-20637,09,2,30.0
158-20637,10,2,30.0
158-20637,11,2,30.0
158-20637,12,2,30.0
158-20637,13,2,30.0
158-20637,14,2,30.0
158-20637,15,2,30.0
158-20637,16,2,30.0
158-20637,17,2,30.0
158-20637,18,2,30.0
158-20637,19,2,30.0
158-20637,20,2,30.0
158-20637,21,2,30.0
158-20637,22,2,30.0
158-20637,23,2,30.0
159-20637,05,4,15.0
159-20637,06,6,10.0
159-20637,07,5,12.0
159-20637,08,7,8.571428571428571
159-20637,09,4,15.0
159-20637,10,3,20.0
159-20637,11,3,20.0
159-20637,12,2,30.0
159-20637,13,3,20.0
159-20637,14,3,20.0
159-20637,15,6,10.0
159-20637,16,5,12.0
159-20637,17,6,10.0
159-20637,18,5,12.0
159-20637,19,4,15.0
159-20637,20,2,30.0
159-20637,21,3,20.0
159-20637,22,3,20.0
159-20637,23,2,30.0
159-20637,24,3,20.0
159-20637,25,2,30.0
161-20637,05,4,15.0
161-20637,06,4,15.0
161-20637,07,4,15.0
161-20637,08,4,15.0
161-20637,09,4,15.0
161-20637,10,4,15.0
161-20637,11,4,15.0
161-20637,12,4,15.0
161-20637,13,4,15.0
161-20637,14,4,15.0
161-20637,15,4,15.0
161-20637,16,4,15.0
161-20637,17,4,15.0
161-20637,18,4,15.0
161-20637,19,4,15.0
161-20637,20,4,15.0
161-20637,21,4,15.0
161-20637,22,4,15.0
161-20637,23,4,15.0
161-20637,24,4,15.0
161-20637,25,2,30.0
167-20637,06,3,20.0
167-20637,07,2,30.0
167-20637,08,2,30.0
167-20637,09,3,20.0
167-20637,15,2,30.0
167-20637,16,3,20.0
167-20637,17,2,30.0
167-20637,18,2,30.0
167-20637,19,1,60.0
168-20637,05,1,60.0
168-20637,06,2,30.0
168-20637,07,3,20.0
168-20637,08,2,30.0
168-20637,09,1,60.0
168-20637,15,2,30.0
168-20637,16,2,30.0
168-20637,17,2,30.0
168-20637,18,3,20.0
168-20637,19,1,60.0
169-20637,05,2,30.0
169-20637,06,2,30.0
169-20637,07,2,30.0
169-20637,08,2,30.0
169-20637,09,2,30.0
169-20637,10,2,30.0
169-20637,11,2,30.0
169-20637,12,2,30.0
169-20637,13,2,30.0
169-20637,14,2,30.0
169-20637,15,2,30.0
169-20637,16,2,30.0
169-20637,17,2,30.0
169-20637,18,2,30.0
169-20637,19,2,30.0
169-20637,20,2,30.0
169-20637,21,2,30.0
169-20637,22,2,30.0
169-20637,23,2,30.0
17-20637,05,2,30.0
17-20637,06,4,15.0
17-20637,07,3,20.0
17-20637,08,4,15.0
17-20637,09,4,15.0
17-20637,10,4,15.0
17-20637,11,2,30.0
17-20637,12,4,15.0
17-20637,13,2,30.0
17-20637,14,2,30.0
17-20637,15,4,15.0
17-20637,16,4,15.0
17-20637,17,4,15.0
17-20637,18,4,15.0
17-20637,19,2,30.0
17-20637,20,4,15.0
17-20637,21,2,30.0
17-20637,22,2,30.0
17-20637,23,4,15.0
174-20637,05,2,30.0
174-20637,06,2,30.0
174-20637,07,2,30.0
174-20637,08,2,30.0
174-20637,09,2,30.0
174-20637,10,2,30.0
174-20637,11,2,30.0
174-20637,12,2,30.0
174-20637,13,2,30.0
174-20637,14,2,30.0
174-20637,15,2,30.0
174-20637,16,2,30.0
174-20637,17,2,30.0
174-20637,18,2,30.0
174-20637,19,2,30.0
174-20637,20,2,30.0
174-20637,21,2,30.0
174-20637,22,2,30.0
174-20637,23,2,30.0
174-20637,24,1,60.0
178-20637,06,4,15.0
178-20637,07,4,15.0
178-20637,08,4,15.0
178-20637,16,5,12.0
178-20637,17,4,15.0
178-20637,18,4,15.0
178-20637,19,2,30.0
19-20637,05,3,20.0
19-20637,06,4,15.0
19-20637,07,4,15.0
19-20637,08,5,12.0
19-20637,09,4,15.0
19-20637,10,4,15.0
19-20637,11,4,15.0
19-20637,12,4,15.0
19-20637,13,4,15.0
19-20637,14,4,15.0
19-20637,15,4,15.0
19-20637,16,3,20.0
19-20637,17,4,15.0
19-20637,18,5,12.0
19-20637,19,5,12.0
19-20637,20,5,12.0
19-20637,21,4,15.0
19-20637,22,5,12.0
19-20637,23,4,15.0
19-20637,24,5,12.0
19-20637,25,3,20.0
2-20637,05,1,60.0
2-20637,06,5,12.0
2-20637,07,5,12.0
2-20637,08,6,10.0
2-20637,09,7,8.571428571428571
2-20637,10,6,10.0
2-20637,11,6,10.0
2-20637,12,6,10.0
2-20637,13,6,10.0
2-20637,14,6,10.0
2-20637,15,5,12.0
2-20637,16,6,10.0
2-20637,17,6,10.0
2-20637,18,6,10.0
2-20637,19,10,6.0
2-20637,20,4,15.0
2-20637,21,5,12.0
2-20637,22,5,12.0
2-20637,23,5,12.0
2-20637,24,6,10.0
20-20637,05,1,60.0
20-20637,06,5,12.0
20-20637,07,6,10.0
20-20637,08,8,7.5
20-20637,09,9,6.666666666666667
20-20637,10,6,10.0
20-20637,11,6,10.0
20-20637,12,6,10.0
20-20637,13,6,10.0
20-20637,14,6,10.0
20-20637,15,7,8.571428571428571
20-20637,16,9,6.666666666666667
20-20637,17,6,10.0
20-20637,18,6,10.0
20-20637,19,6,10.0
20-20637,20,5,12.0
20-20637,21,6,10.0
20-20637,22,4,15.0
20-20637,23,4,15.0
20-20637,24,5,12.0
20-20637,25,4,15.0
21-20637,05,3,20.0
21-20637,06,3,20.0
21-20637,07,4,15.0
21-20637,08,3,20.0
21-20637,09,3,20.0
21-20637,10,3,20.0
21-20637,11,4,15.0
21-20637,12,3,20.0
21-20637,13,3,20.0
21-20637,14,4,15.0
21-20637,15,3,20.0
21-20637,16,3,20.0
21-20637,17,4,15.0
21-20637,18,3,20.0
21-20637,19,3,20.0
21-20637,20,2,30.0
21-20637,21,2,30.0
21-20637,22,2,30.0
21-20637,23,2,30.0
21-20637,24,2,30.0
21-20637,25,1,60.0
22-20637,05,1,60.0
22-20637,06,3,20.0
22-20637,07,5,12.0
22-20637,08,6,10.0
22-20637,09,5,12.0
22-20637,10,5,12.0
22-20637,11,5,12.0
22-20637,12,6,10.0
22-20637,13,5,12.0
22-20637,14,5,12.0
22-20637,15,5,12.0
22-20637,16,5,12.0
22-20637,17,5,12.0
22-20637,18,4,15.0
22-20637,19,4,15.0
22-20637,20,4,15.0
22-20637,21,4,15.0
22-20637,22,2,30.0
22-20637,23,4,15.0
23-20637,04,1,60.0
23-20637,05,4,15.0
23-20637,06,8,7.5
23-20637,07,10,6.0
23-20637,08,10,6.0
23-20637,09,6,10.0
23-20637,10,6,10.0
23-20637,11,6,10.0
23-20637,12,6,10.0
23-20637,13,6,10.0
23-20637,14,6,10.0
23-20637,15,9,6.666666666666667
23-20637,16,9,6.666666666666667
23-20637,17,7,8.571428571428571
23-20637,18,8,7.5
23-20637,19,7,8.571428571428571
23-20637,20,4,15.0
23-20637,21,4,15.0
23-20637,22,6,10.0
23-20637,23,4,15.0
23-20637,24,4,15.0
23-20637,25,4,15.0
24-20637,05,1,60.0
24-20637,06,4,15.0
24-20637,07,4,15.0
24-20637,08,4,15.0
24-20637,09,4,15.0
24-20637,10,4,15.0
24-20637,11,4,15.0
24-20637,12,4,15.0
24-20637,13,4,15.0
24-20637,14,4,15.0
24-20637,15,4,15.0
24-20637,16,4,15.0
24-20637,17,4,15.0
24-20637,18,5,12.0
24-20637,19,4,15.0
24-20637,20,4,15.0
24-20637,21,4,15.0
24-20637,22,4,15.0
24-20637,23,5,12.0
24-20637,24,5,12.0
27-20637,06,1,60.0
27-20637,07,2,30.0
27-20637,08,4,15.0
27-20637,09,3,20.0
27-20637,10,3,20.0
27-20637,11,3,20.0
27-20637,12,3,20.0
27-20637,13,3,20.0
27-20637,14,3,20.0
27-20637,15,2,30.0
27-20637,16,3,20.0
27-20637,17,3,20.0
27-20637,18,3,20.0
27-20637,19,1,60.0
27-20637,20,2,30.0
27-20637,21,1,60.0
28-20637,05,1,60.0
28-20637,06,2,30.0
28-20637,07,2,30.0
28-20637,08,2,30.0
28-20637,09,2,30.0
28-20637,10,2,30.0
28-20637,11,2,30.0
28-20637,12,2,30.0
28-20637,13,2,30.0
28-20637,14,2,30.0
28-20637,15,2,30.0
28-20637,16,2,30.0
28-20637,17,2,30.0
28-20637,18,2,30.0
28-20637,19,2,30.0
28-20637,20,2,30.0
28-20637,21,2,30.0
28-20637,22,2,30.0
28-20637,23,1,60.0
28-20637,24,1,60.0
29-20637,05,2,30.0
29-20637,06,1,60.0
29-20637,07,2,30.0
29-20637,08,2,30.0
29-20637,09,1,60.0
29-20637,10,2,30.0
29-20637,11,2,30.0
29-20637,12,2,30.0
29-20637,13,1,60.0
29-20637,14,2,30.0
29-20637,15,2,30.0
29-20637,16,1,60.0
29-20637,17,2,30.0
29-20637,18,2,30.0
29-20637,19,2,30.0
29-20637,20,1,60.0
29-20637,21,2,30.0
29-20637,22,2,30.0
29-20637,23,2,30.0
299-20637,05,1,60.0
299-20637,06,2,30.0
299-20637,07,2,30.0
299-20637,08,2,30.0
299-20637,09,3,20.0
299-20637,10,2,30.0
299-20637,11,2,30.0
299-20637,12,2,30.0
299-20637,13,2,30.0
299-20637,14,2,30.0
299-20637,15,1,60.0
299-20637,16,2,30.0
299-20637,17,2,30.0
299-20637,18,3,20.0
299-20637,19,2,30.0
299-20637,20,2,30.0
299-20637,21,2,30.0
299-20637,22,2,30.0
299-20637,23,2,30.0
3-20637,05,2,30.0
3-20637,06,6,10.0
3-20637,07,8,7.5
3-20637,08,10,6.0
3-20637,09,12,5.0
3-20637,10,8,7.5
3-20637,11,8,7.5
3-20637,12,8,7.5
3-20637,13,8,7.5
3-20637,14,8,7.5
3-20637,15,9,6.666666666666667
3-20637,16,13,4.615384615384615
3-20637,17,8,7.5
3-20637,18,11,5.454545454545454
3-20637,19,8,7.5
3-20637,20,8,7.5
3-20637,21,8,7.5
3-20637,22,7,8.571428571428571
3-20637,23,5,12.0
3-20637,24,5,12.0
30-20637,06,2,30.0
30-20637,07,2,30.0
30-20637,08,2,30.0
30-20637,09,2,30.0
30-20637,10,2,30.0
30-20637,11,2,30.0
30-20637,12,2,30.0
30-20637,13,2,30.0
30-20637,14,2,30.0
30-20637,15,2,30.0
30-20637,16,2,30.0
30-20637,17,2,30.0
30-20637,18,2,30.0
30-20637,19,2,30.0
30-20637,20,2,30.0
30-20637,21,1,60.0
300-20637,05,3,20.0
300-20637,06,4,15.0
300-20637,07,4,15.0
300-20637,08,4,15.0
300-20637,09,4,15.0
300-20637,10,4,15.0
300-20637,11,4,15.0
300-20637,12,4,15.0
300-20637,13,4,15.0
300-20637,14,4,15.0
300-20637,15,4,15.0
300-20637,16,4,15.0
300-20637,17,4,15.0
300-20637,18,4,15.0
300-20637,19,4,15.0
300-20637,20,4,15.0
300-20637,21,4,15.0
300-20637,22,4,15.0
300-20637,23,5,12.0
300-20637,24,3,20.0
301-20637,05,3,20.0
301-20637,06,7,8.571428571428571
301-20637,07,12,5.0
301-20637,08,14,4.285714285714286
301-20637,09,10,6.0
301-20637,10,10,6.0
301-20637,11,10,6.0
301-20637,12,10,6.0
301-20637,13,10,6.0
301-20637,14,9,6.666666666666667
301-20637,15,12,5.0
301-20637,16,13,4.615384615384615
301-20637,17,12,5.0
301-20637,18,13,4.615384615384615
301-20637,19,9,6.666666666666667
301-20637,20,6,10.0
301-20637,21,6,10.0
301-20637,22,6,10.0
301-20637,23,5,12.0
301-20637,24,6,10.0
302-20637,04,1,60.0
302-20637,05,4,15.0
302-20637,06,5,12.0
302-20637,07,6,10.0
302-20637,08,6,10.0
302-20637,09,6,10.0
302-20637,10,5,12.0
302-20637,11,5,12.0
302-20637,12,5,12.0
302-20637,13,5,12.0
302-20637,14,5,12.0
302-20637,15,5,12.0
302-20637,16,6,10.0
302-20637,17,6,10.0
302-20637,18,6,10.0
302-20637,19,6,10.0
302-20637,20,5,12.0
302-20637,21,5,12.0
302-20637,22,6,10.0
302-20637,23,1,60.0
303-20637,05,1,60.0
303-20637,06,4,15.0
303-20637,07,4,15.0
303-20637,08,7,8.571428571428571
303-20637,09,4,15.0
303-20637,10,5,12.0
303-20637,11,5,12.0
303-20637,12,5,12.0
303-20637,13,5,12.0
303-20637,14,5,12.0
303-20637,15,4,15.0
303-20637,16,5,12.0
303-20637,17,5,12.0
303-20637,18,5,12.0
303-20637,19,5,12.0
303-20637,20,6,10.0
303-20637,21,5,12.0
303-20637,22,5,12.0
303-20637,23,5,12.0
303-20637,24,4,15.0
303-20637,25,1,60.0
304-20637,06,3,20.0
304-20637,07,6,10.0
304-20637,08,6,10.0
304-20637,09,6,10.0
304-20637,10,6,10.0
304-20637,11,6,10.0
304-20637,12,6,10.0
304-20637,13,6,10.0
304-20637,14,6,10.0
304-20637,15,6,10.0
304-20637,16,6,10.0
304-20637,17,6,10.0
304-20637,18,6,10.0
304-20637,19,6,10.0
304-20637,20,6,10.0
304-20637,21,4,15.0
304-20637,22,6,10.0
304-20637,23,4,15.0
305-20637,06,2,30.0
305-20637,07,4,15.0
305-20637,08,4,15.0
305-20637,15,1,60.0
305-20637,16,2,30.0
305-20637,17,4,15.0
305-20637,18,3,20.0
306-20637,06,4,15.0
306-20637,07,5,12.0
306-20637,08,5,12.0
306-20637,09,5,12.0
306-20637,10,5,12.0
306-20637,11,6,10.0
306-20637,12,5,12.0
306-20637,13,5,12.0
306-20637,14,6,10.0
306-20637,15,4,15.0
306-20637,16,6,10.0
306-20637,17,5,12.0
306-20637,18,5,12.0
306-20637,19,6,10.0
306-20637,20,4,15.0
306-20637,21,4,15.0
306-20637,22,4,15.0
306-20637,23,3,20.0
307-20637,05,1,60.0
307-20637,06,4,15.0
307-20637,07,6,10.0
307-20637,08,6,10.0
307-20637,09,6,10.0
307-20637,10,6,10.0
307-20637,11,6,10.0
307-20637,12,6,10.0
307-20637,13,6,10.0
307-20637,14,6,10.0
307-20637,15,6,10.0
307-20637,16,6,10.0
307-20637,17,6,10.0
307-20637,18,6,10.0
307-20637,19,6,10.0
307-20637,20,5,12.0
307-20637,21,5,12.0
307-20637,22,5,12.0
307-20637,23,4,15.0
307-20637,24,3,20.0
31-20637,05,1,60.0
31-20637,06,4,15.0
31-20637,07,6,10.0
31-20637,08,4,15.0
31-20637,09,4,15.0
31-20637,10,5,12.0
31-20637,11,5,12.0
31-20637,12,4,15.0
31-20637,13,6,10.0
31-20637,14,5,12.0
31-20637,15,6,10.0
31-20637,16,5,12.0
31-20637,17,4,15.0
31-20637,18,5,12.0
31-20637,19,5,12.0
31-20637,20,4,15.0
31-20637,21,4,15.0
31-20637,22,4,15.0
31-20637,23,4,15.0
31-20637,24,4,15.0
31-20637,25,1,60.0
32-20637,06,4,15.0
32-20637,07,5,12.0
32-20637,08,5,12.0
32-20637,09,4,15.0
32-20637,10,4,15.0
32-20637,11,4,15.0
32-20637,12,4,15.0
32-20637,13,4,15.0
32-20637,14,4,15.0
32-20637,15,4,15.0
32-20637,16,4,15.0
32-20637,17,5,12.0
32-20637,18,4,15.0
32-20637,19,4,15.0
32-20637,20,4,15.0
32-20637,21,5,12.0
32-20637,22,4,15.0
32-20637,23,5,12.0
33-20637,05,2,30.0
33-20637,06,2,30.0
33-20637,07,4,15.0
33-20637,08,4,15.0
33-20637,09,4,15.0
33-20637,10,4,15.0
33-20637,11,4,15.0
33-20637,12,4,15.0
33-20637,13,4,15.0
33-20637,14,4,15.0
33-20637,15,4,15.0
33-20637,16,4,15.0
33-20637,17,4,15.0
33-20637,18,5,12.0
33-20637,19,3,20.0
33-20637,20,2,30.0
33-20637,21,3,20.0
33-20637,22,1,60.0
34-20637,05,2,30.0
34-20637,06,2,30.0
34-20637,07,3,20.0
34-20637,08,4,15.0
34-20637,09,3,20.0
34-20637,10,3,20.0
34-20637,11,3,20.0
34-20637,12,3,20.0
34-20637,13,3,20.0
34-20637,14,3,20.0
34-20637,15,3,20.0
34-20637,16,3,20.0
34-20637,17,3,20.0
34-20637,18,4,15.0
34-20637,19,1,60.0
35-20637,05,1,60.0
35-20637,06,2,30.0
35-20637,07,2,30.0
35-20637,08,2,30.0
35-20637,09,2,30.0
35-20637,10,2,30.0
35-20637,11,2,30.0
35-20637,12,2,30.0
35-20637,13,2,30.0
35-20637,14,2,30.0
35-20637,15,2,30.0
35-20637,16,2,30.0
35-20637,17,2,30.0
35-20637,18,2,30.0
35-20637,19,2,30.0
35-20637,20,2,30.0
35-20637,21,2,30.0
35-20637,22,2,30.0
35-20637,23,2,30.0
35-20637,24,1,60.0
36-20637,05,1,60.0
36-20637,06,1,60.0
36-20637,07,2,30.0
36-20637,08,2,30.0
36-20637,09,2,30.0
36-20637,10,2,30.0
36-20637,11,2,30.0
36-20637,12,2,30.0
36-20637,13,2,30.0
36-20637,14,2,30.0
36-20637,15,2,30.0
36-20637,16,2,30.0
36-20637,17,2,30.0
36-20637,18,2,30.0
36-20637,19,1,60.0
36-20637,20,2,30.0
36-20637,21,1,60.0
36-20637,22,1,60.0
36-20637,23,2,30.0
37-20637,04,3,20.0
37-20637,05,5,12.0
37-20637,06,5,12.0
37-20637,07,8,7.5
37-20637,08,6,10.0
37-20637,09,6,10.0
37-20637,10,8,7.5
37-20637,11,6,10.0
37-20637,12,6,10.0
37-20637,13,8,7.5
37-20637,14,6,10.0
37-20637,15,6,10.0
37-20637,16,8,7.5
37-20637,17,6,10.0
37-20637,18,6,10.0
37-20637,19,6,10.0
37-20637,20,4,15.0
37-20637,21,4,15.0
37-20637,22,4,15.0
37-20637,23,4,15.0
38-20637,04,1,60.0
38-20637,05,5,12.0
38-20637,06,7,8.571428571428571
38-20637,07,6,10.0
38-20637,08,7,8.571428571428571
38-20637,09,7,8.571428571428571
38-20637,10,6,10.0
38-20637,11,7,8.571428571428571
38-20637,12,7,8.571428571428571
38-20637,13,6,10.0
38-20637,14,7,8.571428571428571
38-20637,15,8,7.5
38-20637,16,8,7.5
38-20637,17,6,10.0
38-20637,18,8,7.5
38-20637,19,5,12.0
38-20637,20,6,10.0
38-20637,21,4,15.0
38-20637,22,6,10.0
38-20637,23,4,15.0
38-20637,24,4,15.0
38-20637,25,4,15.0
4-20637,06,1,60.0
4-20637,07,3,20.0
4-20637,08,3,20.0
4-20637,09,3,20.0
4-20637,10,3,20.0
4-20637,11,3,20.0
4-20637,12,3,20.0
4-20637,13,3,20.0
4-20637,14,3,20.0
4-20637,15,3,20.0
4-20637,16,3,20.0
4-20637,17,3,20.0
4-20637,18,3,20.0
4-20637,19,2,30.0
4-20637,20,3,20.0
4-20637,21,2,30.0
4-20637,22,2,30.0
4-20637,23,2,30.0
4-20637,24,2,30.0
40-20637,06,2,30.0
40-20637,07,3,20.0
40-20637,08,4,15.0
40-20637,09,3,20.0
40-20637,10,3,20.0
40-20637,11,4,15.0
40-20637,12,3,20.0
40-20637,13,4,15.0
40-20637,14,3,20.0
40-20637,15,3,20.0
40-20637,16,4,15.0
40-20637,17,3,20.0
40-20637,18,4,15.0
40-20637,19,3,20.0
40-20637,20,4,15.0
40-20637,21,3,20.0
40-20637,22,3,20.0
40-20637,23,3,20.0
402-20637,05,2,30.0
402-20637,06,2,30.0
402-20637,07,2,30.0
402-20637,08,2,30.0
402-20637,09,2,30.0
402-20637,10,2,30.0
402-20637,11,2,30.0
402-20637,12,2,30.0
402-20637,13,2,30.0
402-20637,14,2,30.0
402-20637,15,2,30.0
402-20637,16,2,30.0
402-20637,17,2,30.0
402-20637,18,2,30.0
402-20637,19,2,30.0
402-20637,20,2,30.0
402-20637,21,2,30.0
402-20637,22,2,30.0
402-20637,23,2,30.0
402-20637,24,1,60.0
404-20637,06,1,60.0
404-20637,07,2,30.0
404-20637,08,2,30.0
404-20637,09,2,30.0
404-20637,10,2,30.0
404-20637,11,2,30.0
404-20637,12,2,30.0
404-20637,13,2,30.0
404-20637,14,2,30.0
404-20637,15,2,30.0
404-20637,16,2,30.0
404-20637,17,2,30.0
404-20637,18,2,30.0
404-20637,19,2,30.0
404-20637,20,1,60.0
406-20637,05,2,30.0
406-20637,06,4,15.0
406-20637,07,6,10.0
406-20637,08,4,15.0
406-20637,09,5,12.0
406-20637,10,4,15.0
406-20637,11,4,15.0
406-20637,12,4,15.0
406-20637,13,4,15.0
406-20637,14,4,15.0
406-20637,15,3,20.0
406-20637,16,7,8.571428571428571
406-20637,17,4,15.0
406-20637,18,4,15.0
406-20637,19,6,10.0
406-20637,20,3,20.0
406-20637,21,4,15.0
406-20637,22,4,15.0
406-20637,23,4,15.0
406-20637,24,3,20.0
408-20637,05,1,60.0
408-20637,06,3,20.0
408-20637,07,4,15.0
408-20637,08,4,15.0
408-20637,09,4,15.0
408-20637,10,4,15.0
408-20637,11,4,15.0
408-20637,12,4,15.0
408-20637,13,4,15.0
408-20637,14,4,15.0
408-20637,15,4,15.0
408-20637,16,4,15.0
408-20637,17,4,15.0
408-20637,18,4,15.0
408-20637,19,4,15.0
408-20637,20,4,15.0
408-20637,21,3,20.0
408-20637,22,2,30.0
408-20637,23,4,15.0
408-20637,24,2,30.0
41-20637,06,2,30.0
41-20637,07,2,30.0
41-20637,08,2,30.0
41-20637,09,2,30.0
41-20637,10,2,30.0
41-20637,11,2,30.0
41-20637,12,2,30.0
41-20637,13,2,30.0
41-20637,14,2,30.0
41-20637,15,3,20.0
41-20637,16,2,30.0
41-20637,17,2,30.0
41-20637,18,2,30.0
414-20637,06,1,60.0
414-20637,07,2,30.0
414-20637,08,2,30.0
414-20637,09,2,30.0
414-20637,10,2,30.0
414-20637,11,2,30.0
414-20637,12,2,30.0
414-20637,13,2,30.0
414-20637,14,2,30.0
414-20637,15,2,30.0
414-20637,16,2,30.0
414-20637,17,2,30.0
414-20637,18,1,60.0
414-20637,19,1,60.0
42-20637,05,3,20.0
42-20637,06,3,20.0
42-20637,07,3,20.0
42-20637,08,4,15.0
42-20637,09,3,20.0
42-20637,10,3,20.0
42-20637,11,3,20.0
42-20637,12,3,20.0
42-20637,13,3,20.0
42-20637,14,2,30.0
42-20637,15,4,15.0
42-20637,16,4,15.0
42-20637,17,3,20.0
42-20637,18,3,20.0
42-20637,19,3,20.0
42-20637,20,2,30.0
42-20637,21,3,20.0
42-20637,22,3,20.0
42-20637,23,3,20.0
42-20637,24,2,30.0
42-20637,25,1,60.0
421-20637,05,1,60.0
421-20637,06,2,30.0
421-20637,07,2,30.0
421-20637,08,2,30.0
421-20637,09,2,30.0
421-20637,10,2,30.0
421-20637,11,2,30.0
421-20637,12,2,30.0
421-20637,13,2,30.0
421-20637,14,2,30.0
421-20637,15,2,30.0
421-20637,16,2,30.0
421-20637,17,2,30.0
421-20637,18,2,30.0
421-20637,19,2,30.0
421-20637,20,2,30.0
421-20637,21,2,30.0
421-20637,22,2,30.0
421-20637,23,2,30.0
421-20637,24,1,60.0
422-20637,06,2,30.0
422-20637,07,2,30.0
422-20637,08,2,30.0
422-20637,09,2,30.0
422-20637,10,2,30.0
422-20637,11,2,30.0
422-20637,12,2,30.0
422-20637,13,2,30.0
422-20637,14,2,30.0
422-20637,15,2,30.0
422-20637,16,2,30.0
422-20637,17,2,30.0
422-20637,18,2,30.0
422-20637,19,2,30.0
422-20637,20,2,30.0
422-20637,21,2,30.0
43-20637,05,5,12.0
43-20637,06,7,8.571428571428571
43-20637,07,10,6.0
43-20637,08,8,7.5
43-20637,09,8,7.5
43-20637,10,9,6.666666666666667
43-20637,11,6,10.0
43-20637,12,6,10.0
43-20637,13,7,8.571428571428571
43-20637,14,6,10.0
43-20637,15,10,6.0
43-20637,16,11,5.454545454545454
43-20637,17,10,6.0
43-20637,18,11,5.454545454545454
43-20637,19,8,7.5
43-20637,20,4,15.0
43-20637,21,4,15.0
43-20637,22,4,15.0
43-20637,23,4,15.0
43-20637,24,4,15.0
43-20637,25,4,15.0
430-20637,05,2,30.0
430-20637,06,4,15.0
430-20637,07,4,15.0
430-20637,08,4,15.0
430-20637,09,4,15.0
430-20637,10,4,15.0
430-20637,11,4,15.0
430-20637,12,4,15.0
430-20637,13,4,15.0
430-20637,14,4,15.0
430-20637,15,4,15.0
430-20637,16,4,15.0
430-20637,17,4,15.0
430-20637,18,4,15.0
430-20637,19,1,60.0
44-20637,05,2,30.0
44-20637,06,2,30.0
44-20637,07,4,15.0
44-20637,08,2,30.0
44-20637,09,4,15.0
44-20637,10,2,30.0
44-20637,11,4,15.0
44-20637,12,2,30.0
44-20637,13,4,15.0
44-20637,14,2,30.0
44-20637,15,4,15.0
44-20637,16,2,30.0
44-20637,17,4,15.0
44-20637,18,2,30.0
44-20637,19,4,15.0
440-20637,05,1,60.0
440-20637,06,3,20.0
440-20637,07,2,30.0
440-20637,08,3,20.0
440-20637,09,2,30.0
440-20637,15,2,30.0
440-20637,16,3,20.0
440-20637,17,2,30.0
440-20637,18,3,20.0
440-20637,19,2,30.0
444-20637,05,3,20.0
444-20637,06,3,20.0
444-20637,07,3,20.0
444-20637,08,3,20.0
444-20637,09,1,60.0
444-20637,14,1,60.0
444-20637,15,3,20.0
444-20637,16,3,20.0
444-20637,17,3,20.0
444-20637,18,3,20.0
444-20637,19,1,60.0
449-20637,06,2,30.0
449-20637,07,2,30.0
449-20637,08,2,30.0
449-20637,09,3,20.0
449-20637,10,2,30.0
449-20637,11,3,20.0
449-20637,12,2,30.0
449-20637,13,2,30.0
449-20637,14,3,20.0
449-20637,15,2,30.0
449-20637,16,3,20.0
449-20637,17,2,30.0
449-20637,18,2,30.0
453-20637,05,3,20.0
453-20637,06,4,15.0
453-20637,07,4,15.0
453-20637,08,6,10.0
453-20637,09,4,15.0
453-20637,10,4,15.0
453-20637,11,4,15.0
453-20637,12,4,15.0
453-20637,13,4,15.0
453-20637,14,4,15.0
453-20637,15,5,12.0
453-20637,16,5,12.0
453-20637,17,4,15.0
453-20637,18,4,15.0
453-20637,19,4,15.0
453-20637,20,4,15.0
453-20637,21,4,15.0
453-20637,22,4,15.0
453-20637,23,1,60.0
46-20637,05,1,60.0
46-20637,06,2,30.0
46-20637,07,2,30.0
46-20637,08,2,30.0
46-20637,09,2,30.0
46-20637,10,2,30.0
46-20637,11,2,30.0
46-20637,12,2,30.0
46-20637,13,2,30.0
46-20637,14,2,30.0
46-20637,15,1,60.0
46-20637,16,2,30.0
46-20637,17,2,30.0
46-20637,18,3,20.0
46-20637,19,2,30.0
46-20637,20,2,30.0
46-20637,21,2,30.0
46-20637,22,2,30.0
46-20637,23,2,30.0
46-20637,24,2,30.0
468-20637,05,4,15.0
468-20637,06,4,15.0
468-20637,07,4,15.0
468-20637,08,4,15.0
468-20637,09,4,15.0
468-20637,10,2,30.0
468-20637,11,2,30.0
468-20637,12,2,30.0
468-20637,13,2,30.0
468-20637,14,2,30.0
468-20637,15,3,20.0
468-20637,16,4,15.0
468-20637,17,4,15.0
468-20637,18,4,15.0
468-20637,19,2,30.0
48-20637,05,1,60.0
48-20637,06,3,20.0
48-20637,07,3,20.0
48-20637,08,3,20.0
48-20637,09,3,20.0
48-20637,10,3,20.0
48-20637,11,3,20.0
48-20637,12,3,20.0
48-20637,13,3,20.0
48-20637,14,3,20.0
48-20637,15,4,15.0
48-20637,16,3,20.0
48-20637,17,3,20.0
48-20637,18,3,20.0
48-20637,19,3,20.0
48-20637,20,3,20.0
48-20637,21,3,20.0
48-20637,22,3,20.0
48-20637,23,2,30.0
48-20637,24,2,30.0
48-20637,25,1,60.0
49-20637,05,2,30.0
49-20637,06,3,20.0
49-20637,07,3,20.0
49-20637,08,3,20.0
49-20637,09,3,20.0
49-20637,10,3,20.0
49-20637,11,3,20.0
49-20637,12,3,20.0
49-20637,13,3,20.0
49-20637,14,3,20.0
49-20637,15,3,20.0
49-20637,16,4,15.0
49-20637,17,3,20.0
49-20637,18,3,20.0
49-20637,19,3,20.0
49-20637,20,3,20.0
49-20637,21,3,20.0
49-20637,22,3,20.0
49-20637,23,1,60.0
49-20637,24,2,30.0
49-20637,25,1,60.0
496-20637,04,1,60.0
5-20637,06,2,30.0
5-20637,07,3,20.0
5-20637,08,3,20.0
5-20637,09,3,20.0
5-20637,10,3,20.0
5-20637,11,3,20.0
5-20637,12,3,20.0
5-20637,13,3,20.0
5-20637,14,3,20.0
5-20637,15,3,20.0
5-20637,16,4,15.0
5-20637,17,3,20.0
5-20637,18,3,20.0
5-20637,19,3,20.0
5-20637,20,2,30.0
5-20637,21,2,30.0
5-20637,22,2,30.0
5-20637,23,2,30.0
5-20637,24,2,30.0
52-20637,05,2,30.0
52-20637,06,2,30.0
52-20637,07,2,30.0
52-20637,08,4,15.0
52-20637,09,2,30.0
52-20637,10,2,30.0
52-20637,11,2,30.0
52-20637,12,4,15.0
52-20637,13,2,30.0
52-20637,14,2,30.0
52-20637,15,4,15.0
52-20637,16,2,30.0
52-20637,17,2,30.0
52-20637,18,4,15.0
52-20637,19,2,30.0
52-20637,20,2,30.0
52-20637,21,3,20.0
52-20637,22,2,30.0
53-20637,05,1,60.0
53-20637,06,4,15.0
53-20637,07,4,15.0
53-20637,08,4,15.0
53-20637,09,4,15.0
53-20637,10,4,15.0
53-20637,11,4,15.0
53-20637,12,4,15.0
53-20637,13,4,15.0
53-20637,14,4,15.0
53-20637,15,4,15.0
53-20637,16,4,15.0
53-20637,17,4,15.0
53-20637,18,4,15.0
53-20637,19,4,15.0
53-20637,20,4,15.0
53-20637,21,4,15.0
53-20637,22,4,15.0
53-20637,23,1,60.0
54-20637,05,1,60.0
54-20637,06,2,30.0
54-20637,07,2,30.0
54-20637,08,2,30.0
54-20637,09,2,30.0
54-20637,10,2,30.0
54-20637,11,2,30.0
54-20637,12,2,30.0
54-20637,13,2,30.0
54-20637,14,2,30.0
54-20637,15,2,30.0
54-20637,16,2,30.0
54-20637,17,2,30.0
54-20637,18,2,30.0
54-20637,19,2,30.0
54-20637,20,2,30.0
54-20637,21,2,30.0
54-20637,22,2,30.0
54-20637,23,2,30.0
54-20637,24,1,60.0
55-20637,05,2,30.0
55-20637,06,4,15.0
55-20637,07,3,20.0
55-20637,08,3,20.0
55-20637,09,4,15.0
55-20637,10,3,20.0
55-20637,11,3,20.0
55-20637,12,4,15.0
55-20637,13,3,20.0
55-20637,14,3,20.0
55-20637,15,4,15.0
55-20637,16,3,20.0
55-20637,17,3,20.0
55-20637,18,4,15.0
55-20637,19,3,20.0
55-20637,20,2,30.0
55-20637,21,2,30.0
55-20637,22,2,30.0
55-20637,23,2,30.0
55-20637,24,2,30.0
55-20637,25,1,60.0
56-20637,05,2,30.0
56-20637,06,4,15.0
56-20637,07,3,20.0
56-20637,08,6,10.0
56-20637,09,4,15.0
56-20637,10,3,20.0
56-20637,11,4,15.0
56-20637,12,3,20.0
56-20637,13,4,15.0
56-20637,14,3,20.0
56-20637,15,3,20.0
56-20637,16,5,12.0
56-20637,17,4,15.0
56-20637,18,3,20.0
56-20637,19,4,15.0
56-20637,20,4,15.0
56-20637,21,3,20.0
56-20637,22,3,20.0
56-20637,23,4,15.0
56-20637,24,2,30.0
57-20637,05,1,60.0
57-20637,06,6,10.0
57-20637,07,6,10.0
57-20637,08,4,15.0
57-20637,09,6,10.0
57-20637,10,5,12.0
57-20637,11,5,12.0
57-20637,12,5,12.0
57-20637,13,5,12.0
57-20637,14,6,10.0
57-20637,15,4,15.0
57-20637,16,6,10.0
57-20637,17,4,15.0
57-20637,18,6,10.0
57-20637,19,4,15.0
57-20637,20,6,10.0
57-20637,21,4,15.0
57-20637,22,4,15.0
57-20637,23,4,15.0
57-20637,24,4,15.0
57-20637,25,3,20.0
58-20637,05,3,20.0
58-20637,06,4,15.0
58-20637,07,4,15.0
58-20637,08,4,15.0
58-20637,09,4,15.0
58-20637,10,4,15.0
58-20637,11,4,15.0
58-20637,12,4,15.0
58-20637,13,4,15.0
58-20637,14,4,15.0
58-20637,15,5,12.0
58-20637,16,5,12.0
58-20637,17,4,15.0
58-20637,18,4,15.0
58-20637,19,4,15.0
58-20637,20,4,15.0
58-20637,21,4,15.0
58-20637,22,4,15.0
58-20637,23,4,15.0
58-20637,24,4,15.0
58-20637,25,1,60.0
59-20637,05,2,30.0
59-20637,06,2,30.0
59-20637,07,3,20.0
59-20637,08,2,30.0
59-20637,09,2,30.0
59-20637,10,1,60.0
59-20637,11,2,30.0
59-20637,12,1,60.0
59-20637,13,1,60.0
59-20637,14,2,30.0
59-20637,15,1,60.0
59-20637,16,3,20.0
59-20637,17,2,30.0
59-20637,18,2,30.0
59-20637,19,2,30.0
59-20637,20,2,30.0
59-20637,21,1,60.0
59-20637,22,1,60.0
6-20637,05,2,30.0
6-20637,06,4,15.0
6-20637,07,6,10.0
6-20637,08,5,12.0
6-20637,09,6,10.0
6-20637,10,6,10.0
6-20637,11,4,15.0
6-20637,12,6,10.0
6-20637,13,4,15.0
6-20637,14,6,10.0
6-20637,15,6,10.0
6-20637,16,5,12.0
6-20637,17,6,10.0
6-20637,18,4,15.0
6-20637,19,5,12.0
6-20637,20,4,15.0
6-20637,21,4,15.0
6-20637,22,5,12.0
6-20637,23,4,15.0
6-20637,24,2,30.0
6-20637,25,1,60.0
60-20637,05,2,30.0
60-20637,06,2,30.0
60-20637,07,2,30.0
60-20637,08,2,30.0
60-20637,09,2,30.0
60-20637,10,2,30.0
60-20637,11,2,30.0
60-20637,12,2,30.0
60-20637,13,2,30.0
60-20637,14,2,30.0
60-20637,15,2,30.0
60-20637,16,2,30.0
60-20637,17,2,30.0
60-20637,18,2,30.0
60-20637,19,2,30.0
60-20637,20,2,30.0
60-20637,21,2,30.0
60-20637,22,2,30.0
60-20637,23,2,30.0
60-20637,24,1,60.0
61-20637,05,2,30.0
61-20637,06,3,20.0
61-20637,07,2,30.0
61-20637,08,2,30.0
61-20637,09,2,30.0
61-20637,10,2,30.0
61-20637,11,2,30.0
61-20637,12,2,30.0
61-20637,13,2,30.0
61-20637,14,2,30.0
61-20637,15,2,30.0
61-20637,16,2,30.0
61-20637,17,2,30.0
61-20637,18,2,30.0
61-20637,19,2,30.0
61-20637,20,1,60.0
61-20637,21,2,30.0
61-20637,22,2,30.0
61-20637,23,2,30.0
61-20637,24,2,30.0
61-20637,25,1,60.0
62-20637,06,1,60.0
62-20637,07,2,30.0
62-20637,17,2,30.0
62-20637,18,1,60.0
64-20637,06,1,60.0
64-20637,07,3,20.0
64-20637,08,1,60.0
64-20637,16,2,30.0
64-20637,17,3,20.0
64-20637,18,1,60.0
65-20637,05,2,30.0
65-20637,06,4,15.0
65-20637,07,4,15.0
65-20637,08,4,15.0
65-20637,09,5,12.0
65-20637,10,4,15.0
65-20637,11,5,12.0
65-20637,12,4,15.0
65-20637,13,4,15.0
65-20637,14,4,15.0
65-20637,15,5,12.0
65-20637,16,4,15.0
65-20637,17,3,20.0
65-20637,18,5,12.0
65-20637,19,5,12.0
65-20637,20,4,15.0
65-20637,21,4,15.0
65-20637,22,4,15.0
65-20637,23,5,12.0
65-20637,24,2,30.0
66-20637,05,3,20.0
66-20637,06,6,10.0
66-20637,07,5,12.0
66-20637,08,5,12.0
66-20637,09,5,12.0
66-20637,10,5,12.0
66-20637,11,6,10.0
66-20637,12,5,12.0
66-20637,13,5,12.0
66-20637,14,5,12.0
66-20637,15,5,12.0
66-20637,16,6,10.0
66-20637,17,5,12.0
66-20637,18,7,8.571428571428571
66-20637,19,4,15.0
66-20637,20,4,15.0
66-20637,21,2,30.0
66-20637,22,4,15.0
66-20637,23,4,15.0
66-20637,24,3,20.0
67-20637,05,3,20.0
67-20637,06,4,15.0
67-20637,07,4,15.0
67-20637,08,4,15.0
67-20637,09,5,12.0
67-20637,10,4,15.0
67-20637,11,4,15.0
67-20637,12,4,15.0
67-20637,13,4,15.0
67-20637,14,4,15.0
67-20637,15,3,20.0
67-20637,16,4,15.0
67-20637,17,4,15.0
67-20637,18,4,15.0
67-20637,19,4,15.0
67-20637,20,4,15.0
67-20637,21,4,15.0
67-20637,22,4,15.0
67-20637,23,4,15.0
67-20637,24,1,60.0
68-20637,06,2,30.0
68-20637,07,4,15.0
68-20637,08,4,15.0
68-20637,09,2,30.0
68-20637,15,4,15.0
68-20637,16,3,20.0
68-20637,17,3,20.0
68-20637,18,3,20.0
69-20637,07,1,60.0
69-20637,17,1,60.0
698-20637,08,2,30.0
698-20637,16,2,30.0
699-20637,08,2,30.0
699-20637,09,1,60.0
699-20637,16,3,20.0
7-20637,06,4,15.0
7-20637,07,6,10.0
7-20637,08,6,10.0
7-20637,09,6,10.0
7-20637,10,6,10.0
7-20637,11,6,10.0
7-20637,12,6,10.0
7-20637,13,6,10.0
7-20637,14,6,10.0
7-20637,15,6,10.0
7-20637,16,6,10.0
7-20637,17,6,10.0
7-20637,18,6,10.0
7-20637,19,5,12.0
7-20637,20,4,15.0
7-20637,21,4,15.0
7-20637,22,4,15.0
7-20637,23,4,15.0
7-20637,24,3,20.0
70-20637,06,1,60.0
70-20637,07,1,60.0
70-20637,17,2,30.0
702-20637,08,1,60.0
702-20637,15,1,60.0
703-20637,08,2,30.0
703-20637,15,2,30.0
704-20637,08,2,30.0
704-20637,15,2,30.0
705-20637,08,1,60.0
705-20637,15,1,60.0
706-20637,08,2,30.0
706-20637,15,2,30.0
71-20637,05,4,15.0
71-20637,06,6,10.0
71-20637,07,4,15.0
71-20637,08,6,10.0
71-20637,09,6,10.0
71-20637,10,6,10.0
71-20637,11,6,10.0
71-20637,12,6,10.0
71-20637,13,6,10.0
71-20637,14,6,10.0
71-20637,15,6,10.0
71-20637,16,4,15.0
71-20637,17,6,10.0
71-20637,18,6,10.0
71-20637,19,5,12.0
71-20637,20,5,12.0
71-20637,21,4,15.0
71-20637,22,6,10.0
71-20637,23,4,15.0
71-20637,24,6,10.0
71-20637,25,2,30.0
711-20637,08,1,60.0
711-20637,16,1,60.0
712-20637,08,1,60.0
712-20637,16,1,60.0
713-20637,08,1,60.0
713-20637,16,1,60.0
714-20637,08,1,60.0
714-20637,16,1,60.0
715-20637,08,2,30.0
715-20637,16,2,30.0
719-20637,08,2,30.0
719-20637,16,2,30.0
721-20637,08,1,60.0
721-20637,16,1,60.0
722-20637,08,1,60.0
722-20637,16,1,60.0
723-20637,08,1,60.0
723-20637,16,1,60.0
724-20637,08,2,30.0
724-20637,16,2,30.0
725-20637,08,1,60.0
725-20637,16,1,60.0
731-20637,08,1,60.0
731-20637,16,1,60.0
732-20637,08,1,60.0
732-20637,16,1,60.0
733-20637,08,1,60.0
733-20637,16,1,60.0
734-20637,08,1,60.0
734-20637,16,1,60.0
735-20637,08,1,60.0
735-20637,16,1,60.0
736-20637,08,1,60.0
736-20637,16,1,60.0
737-20637,08,1,60.0
737-20637,16,1,60.0
738-20637,08,3,20.0
738-20637,16,3,20.0
739-20637,08,1,60.0
739-20637,16,1,60.0
74-20637,05,2,30.0
74-20637,06,2,30.0
74-20637,07,2,30.0
74-20637,08,2,30.0
74-20637,09,2,30.0
74-20637,10,2,30.0
74-20637,11,2,30.0
74-20637,12,2,30.0
74-20637,13,2,30.0
74-20637,14,2,30.0
74-20637,15,2,30.0
74-20637,16,2,30.0
74-20637,17,2,30.0
74-20637,18,2,30.0
74-20637,19,2,30.0
74-20637,20,2,30.0
74-20637,21,2,30.0
74-20637,22,2,30.0
74-20637,23,2,30.0
744-20637,08,2,30.0
744-20637,16,2,30.0
745-20637,08,1,60.0
745-20637,16,1,60.0
746-20637,08,2,30.0
746-20637,16,2,30.0
747-20637,08,2,30.0
747-20637,16,2,30.0
748-20637,08,1,60.0
748-20637,16,1,60.0
750-20637,08,1,60.0
750-20637,15,1,60.0
752-20637,08,2,30.0
752-20637,16,2,30.0
753-20637,08,1,60.0
753-20637,16,1,60.0
754-20637,08,1,60.0
754-20637,16,1,60.0
755-20637,08,1,60.0
755-20637,16,1,60.0
756-20637,08,2,30.0
756-20637,16,2,30.0
757-20637,08,1,60.0
757-20637,16,1,60.0
758-20637,08,1,60.0
758-20637,16,1,60.0
759-20637,08,1,60.0
759-20637,16,1,60.0
76-20637,05,2,30.0
76-20637,06,4,15.0
76-20637,07,5,12.0
76-20637,08,5,12.0
76-20637,09,4,15.0
76-20637,10,4,15.0
76-20637,11,4,15.0
76-20637,12,4,15.0
76-20637,13,4,15.0
76-20637,14,4,15.0
76-20637,15,6,10.0
76-20637,16,4,15.0
76-20637,17,4,15.0
76-20637,18,4,15.0
76-20637,19,4,15.0
76-20637,20,4,15.0
76-20637,21,4,15.0
76-20637,22,4,15.0
76-20637,23,4,15.0
76-20637,24,4,15.0
76-20637,25,1,60.0
760-20637,08,1,60.0
760-20637,16,1,60.0
762-20637,08,1,60.0
762-20637,16,1,60.0
763-20637,08,1,60.0
763-20637,16,1,60.0
764-20637,08,1,60.0
764-20637,16,1,60.0
765-20637,08,1,60.0
765-20637,16,1,60.0
766-20637,08,3,20.0
766-20637,16,3,20.0
767-20637,08,2,30.0
767-20637,15,1,60.0
768-20637,08,1,60.0
768-20637,16,1,60.0
77-20637,05,1,60.0
77-20637,06,2,30.0
77-20637,07,1,60.0
77-20637,08,2,30.0
77-20637,09,3,20.0
77-20637,10,2,30.0
77-20637,11,2,30.0
77-20637,12,2,30.0
77-20637,13,2,30.0
77-20637,14,2,30.0
77-20637,15,1,60.0
77-20637,16,2,30.0
77-20637,17,2,30.0
77-20637,18,3,20.0
77-20637,19,2,30.0
77-20637,20,2,30.0
77-20637,21,2,30.0
77-20637,22,2,30.0
77-20637,23,2,30.0
77-20637,24,1,60.0
770-20637,08,1,60.0
770-20637,16,1,60.0
771-20637,16,1,60.0
773-20637,08,1,60.0
773-20637,15,1,60.0
774-20637,08,1,60.0
774-20637,15,1,60.0
775-20637,08,1,60.0
775-20637,15,1,60.0
776-20637,08,2,30.0
776-20637,16,2,30.0
777-20637,08,1,60.0
777-20637,16,1,60.0
778-20637,08,1,60.0
778-20637,16,1,60.0
78-20637,05,4,15.0
78-20637,06,4,15.0
78-20637,07,4,15.0
78-20637,08,4,15.0
78-20637,09,4,15.0
78-20637,10,4,15.0
78-20637,11,4,15.0
78-20637,12,4,15.0
78-20637,13,4,15.0
78-20637,14,4,15.0
78-20637,15,4,15.0
78-20637,16,4,15.0
78-20637,17,4,15.0
78-20637,18,4,15.0
78-20637,19,4,15.0
78-20637,20,4,15.0
78-20637,21,4,15.0
78-20637,22,4,15.0
78-20637,23,4,15.0
78-20637,24,2,30.0
780-20637,08,1,60.0
780-20637,16,1,60.0
781-20637,07,1,60.0
781-20637,15,1,60.0
782-20637,08,1,60.0
782-20637,15,1,60.0
783-20637,07,1,60.0
783-20637,15,1,60.0
786-20637,08,1,60.0
786-20637,15,1,60.0
791-20637,08,1,60.0
791-20637,16,1,60.0
792-20637,08,1,60.0
792-20637,16,1,60.0
793-20637,15,1,60.0
794-20637,08,1,60.0
794-20637,15,1,60.0
795-20637,07,2,30.0
795-20637,15,1,60.0
796-20637,08,1,60.0
796-20637,15,1,60.0
797-20637,08,1,60.0
797-20637,16,1,60.0
798-20637,07,1,60.0
798-20637,15,1,60.0
799-20637,07,1,60.0
799-20637,14,1,60.0
8-20637,05,3,20.0
8-20637,06,5,12.0
8-20637,07,6,10.0
8-20637,08,11,5.454545454545454
8-20637,09,6,10.0
8-20637,10,6,10.0
8-20637,11,5,12.0
8-20637,12,6,10.0
8-20637,13,5,12.0
8-20637,14,6,10.0
8-20637,15,9,6.666666666666667
8-20637,16,6,10.0
8-20637,17,6,10.0
8-20637,18,6,10.0
8-20637,19,6,10.0
8-20637,20,5,12.0
8-20637,21,4,15.0
8-20637,22,4,15.0
8-20637,23,4,15.0
8-20637,24,3,20.0
8-20637,25,4,15.0
801-20637,08,1,60.0
801-20637,16,1,60.0
802-20637,08,1,60.0
802-20637,16,1,60.0
805-20637,08,1,60.0
805-20637,16,1,60.0
807-20637,08,1,60.0
807-20637,16,1,60.0
81-20637,06,4,15.0
81-20637,07,3,20.0
81-20637,08,3,20.0
81-20637,09,4,15.0
81-20637,10,4,15.0
81-20637,11,4,15.0
81-20637,12,3,20.0
81-20637,13,4,15.0
81-20637,14,3,20.0
81-20637,15,4,15.0
81-20637,16,4,15.0
81-20637,17,3,20.0
81-20637,18,4,15.0
81-20637,19,4,15.0
81-20637,20,1,60.0
810-20637,08,1,60.0
810-20637,14,1,60.0
811-20637,08,2,30.0
811-20637,15,2,30.0
812-20637,08,1,60.0
812-20637,15,1,60.0
813-20637,08,1,60.0
813-20637,15,1,60.0
814-20637,08,1,60.0
814-20637,15,1,60.0
815-20637,08,1,60.0
815-20637,15,1,60.0
816-20637,08,1,60.0
816-20637,15,1,60.0
817-20637,08,1,60.0
817-20637,15,1,60.0
818-20637,08,1,60.0
818-20637,15,1,60.0
819-20637,08,1,60.0
819-20637,14,1,60.0
82-20637,06,2,30.0
82-20637,07,4,15.0
82-20637,08,6,10.0
82-20637,09,4,15.0
82-20637,10,4,15.0
82-20637,11,4,15.0
82-20637,12,4,15.0
82-20637,13,4,15.0
82-20637,14,4,15.0
82-20637,15,5,12.0
82-20637,16,5,12.0
82-20637,17,4,15.0
82-20637,18,4,15.0
82-20637,19,3,20.0
820-20637,08,1,60.0
820-20637,14,1,60.0
821-20637,08,1,60.0
821-20637,16,1,60.0
825-20637,08,1,60.0
825-20637,16,1,60.0
826-20637,08,1,60.0
826-20637,15,1,60.0
827-20637,08,1,60.0
827-20637,15,1,60.0
83-20637,05,1,60.0
83-20637,06,2,30.0
83-20637,07,2,30.0
83-20637,08,2,30.0
83-20637,09,2,30.0
83-20637,10,2,30.0
83-20637,11,2,30.0
83-20637,12,2,30.0
83-20637,13,2,30.0
83-20637,14,2,30.0
83-20637,15,2,30.0
83-20637,16,2,30.0
83-20637,17,2,30.0
83-20637,18,2,30.0
83-20637,19,2,30.0
83-20637,20,2,30.0
83-20637,21,2,30.0
83-20637,22,2,30.0
83-20637,23,2,30.0
832-20637,08,2,30.0
832-20637,16,2,30.0
833-20637,08,2,30.0
833-20637,15,2,30.0
835-20637,15,1,60.0
836-20637,08,1,60.0
836-20637,15,1,60.0
839-20637,08,1,60.0
843-20637,08,1,60.0
843-20637,15,1,60.0
844-20637,14,1,60.0
845-20637,08,2,30.0
845-20637,15,2,30.0
85-20637,04,1,60.0
85-20637,05,4,15.0
85-20637,06,5,12.0
85-20637,07,5,12.0
85-20637,08,4,15.0
85-20637,09,6,10.0
85-20637,10,3,20.0
85-20637,11,2,30.0
85-20637,12,3,20.0
85-20637,13,3,20.0
85-20637,14,2,30.0
85-20637,15,4,15.0
85-20637,16,5,12.0
85-20637,17,4,15.0
85-20637,18,6,10.0
85-20637,19,2,30.0
85-20637,20,3,20.0
85-20637,21,3,20.0
85-20637,22,2,30.0
851-20637,08,1,60.0
851-20637,16,1,60.0
853-20637,08,1,60.0
853-20637,16,1,60.0
858-20637,08,1,60.0
858-20637,15,1,60.0
86-20637,05,4,15.0
86-20637,06,4,15.0
86-20637,07,6,10.0
86-20637,08,6,10.0
86-20637,09,4,15.0
86-20637,10,4,15.0
86-20637,11,4,15.0
86-20637,12,4,15.0
86-20637,13,4,15.0
86-20637,14,4,15.0
86-20637,15,4,15.0
86-20637,16,4,15.0
86-20637,17,4,15.0
86-20637,18,4,15.0
86-20637,19,3,20.0
86-20637,20,3,20.0
86-20637,21,3,20.0
86-20637,22,3,20.0
86-20637,23,4,15.0
86-20637,24,2,30.0
86-20637,25,2,30.0
860-20637,08,1,60.0
860-20637,16,1,60.0
861-20637,08,1,60.0
861-20637,16,1,60.0
862-20637,08,1,60.0
862-20637,16,1,60.0
863-20637,08,1,60.0
863-20637,16,1,60.0
864-20637,08,2,30.0
864-20637,16,2,30.0
865-20637,08,1,60.0
865-20637,16,1,60.0
866-20637,08,1,60.0
866-20637,16,1,60.0
867-20637,08,1,60.0
867-20637,16,1,60.0
868-20637,08,2,30.0
868-20637,16,2,30.0
869-20637,15,1,60.0
87-20637,05,4,15.0
87-20637,06,4,15.0
87-20637,07,4,15.0
87-20637,08,5,12.0
87-20637,09,4,15.0
87-20637,10,4,15.0
87-20637,11,4,15.0
87-20637,12,4,15.0
87-20637,13,4,15.0
87-20637,14,4,15.0
87-20637,15,4,15.0
87-20637,16,6,10.0
87-20637,17,4,15.0
87-20637,18,4,15.0
87-20637,19,4,15.0
87-20637,20,3,20.0
87-20637,21,4,15.0
87-20637,22,5,12.0
87-20637,23,4,15.0
87-20637,24,1,60.0
871-20637,15,1,60.0
872-20637,15,1,60.0
877-20637,08,1,60.0
877-20637,15,1,60.0
878-20637,15,2,30.0
88-20637,05,2,30.0
88-20637,06,2,30.0
88-20637,07,2,30.0
88-20637,08,2,30.0
88-20637,09,2,30.0
88-20637,10,2,30.0
88-20637,11,2,30.0
88-20637,12,2,30.0
88-20637,13,2,30.0
88-20637,14,2,30.0
88-20637,15,2,30.0
88-20637,16,2,30.0
88-20637,17,2,30.0
88-20637,18,2,30.0
88-20637,19,2,30.0
88-20637,20,2,30.0
88-20637,21,2,30.0
88-20637,22,2,30.0
88-20637,23,2,30.0
880-20637,08,1,60.0
880-20637,15,1,60.0
882-20637,14,1,60.0
887-20637,08,1,60.0
887-20637,15,1,60.0
89-20637,07,2,30.0
89-20637,08,2,30.0
89-20637,09,1,60.0
89-20637,16,2,30.0
89-20637,17,2,30.0
89-20637,18,1,60.0
892-20637,08,1,60.0
892-20637,15,1,60.0
894-20637,08,1,60.0
894-20637,15,1,60.0
895-20637,08,1,60.0
895-20637,15,1,60.0
896-20637,08,1,60.0
896-20637,15,1,60.0
9-20637,05,3,20.0
9-20637,06,5,12.0
9-20637,07,5,12.0
9-20637,08,8,7.5
9-20637,09,9,6.666666666666667
9-20637,10,6,10.0
9-20637,11,6,10.0
9-20637,12,6,10.0
9-20637,13,6,10.0
9-20637,14,6,10.0
9-20637,15,8,7.5
9-20637,16,8,7.5
9-20637,17,7,8.571428571428571
9-20637,18,6,10.0
9-20637,19,7,8.571428571428571
9-20637,20,4,15.0
9-20637,21,4,15.0
9-20637,22,4,15.0
9-20637,23,4,15.0
9-20637,24,4,15.0
9-20637,25,5,12.0
90-20637,06,3,20.0
90-20637,07,4,15.0
90-20637,08,4,15.0
90-20637,09,3,20.0
90-20637,10,4,15.0
90-20637,11,4,15.0
90-20637,12,4,15.0
90-20637,13,3,20.0
90-20637,14,4,15.0
90-20637,15,4,15.0
90-20637,16,3,20.0
90-20637,17,4,15.0
90-20637,18,4,15.0
90-20637,19,4,15.0
90-20637,20,4,15.0
90-20637,21,4,15.0
90-20637,22,3,20.0
90-20637,23,2,30.0
91-20637,06,4,15.0
91-20637,07,6,10.0
91-20637,08,5,12.0
91-20637,09,6,10.0
91-20637,10,6,10.0
91-20637,11,5,12.0
91-20637,12,6,10.0
91-20637,13,6,10.0
91-20637,14,6,10.0
91-20637,15,5,12.0
91-20637,16,6,10.0
91-20637,17,6,10.0
91-20637,18,5,12.0
91-20637,19,6,10.0
91-20637,20,6,10.0
91-20637,21,6,10.0
91-20637,22,5,12.0
91-20637,23,6,10.0
91-20637,24,3,20.0
92-20637,05,3,20.0
92-20637,06,4,15.0
92-20637,07,4,15.0
92-20637,08,4,15.0
92-20637,09,4,15.0
92-20637,10,4,15.0
92-20637,11,4,15.0
92-20637,12,4,15.0
92-20637,13,4,15.0
92-20637,14,4,15.0
92-20637,15,4,15.0
92-20637,16,4,15.0
92-20637,17,4,15.0
92-20637,18,3,20.0
92-20637,19,4,15.0
92-20637,20,2,30.0
92-20637,21,2,30.0
92-20637,22,4,15.0
92-20637,23,2,30.0
92-20637,24,2,30.0
93-20637,05,3,20.0
93-20637,06,4,15.0
93-20637,07,4,15.0
93-20637,08,4,15.0
93-20637,09,4,15.0
93-20637,10,4,15.0
93-20637,11,4,15.0
93-20637,12,4,15.0
93-20637,13,4,15.0
93-20637,14,4,15.0
93-20637,15,4,15.0
93-20637,16,5,12.0
93-20637,17,4,15.0
93-20637,18,5,12.0
93-20637,19,4,15.0
93-20637,20,4,15.0
93-20637,21,4,15.0
93-20637,22,3,20.0
93-20637,23,5,12.0
93-20637,24,1,60.0
95-20637,05,1,60.0
95-20637,06,2,30.0
95-20637,07,2,30.0
95-20637,08,2,30.0
95-20637,09,1,60.0
95-20637,15,1,60.0
95-20637,16,2,30.0
95-20637,17,2,30.0
95-20637,18,2,30.0
96-20637,05,2,30.0
96-20637,06,4,15.0
96-20637,07,4,15.0
96-20637,08,4,15.0
96-20637,09,4,15.0
96-20637,10,4,15.0
96-20637,11,4,15.0
96-20637,12,4,15.0
96-20637,13,4,15.0
96-20637,14,3,20.0
96-20637,15,4,15.0
96-20637,16,5,12.0
96-20637,17,4,15.0
96-20637,18,4,15.0
96-20637,19,4,15.0
96-20637,20,2,30.0
96-20637,21,3,20.0
96-20637,22,3,20.0
96-20637,23,2,30.0
96-20637,24,3,20.0
97-20637,05,3,20.0
97-20637,06,4,15.0
97-20637,07,4,15.0
97-20637,08,4,15.0
97-20637,09,4,15.0
97-20637,10,4,15.0
97-20637,11,4,15.0
97-20637,12,4,15.0
97-20637,13,4,15.0
97-20637,14,4,15.0
97-20637,15,4,15.0
97-20637,16,4,15.0
97-20637,17,4,15.0
97-20637,18,4,15.0
97-20637,19,4,15.0
97-20637,20,4,15.0
97-20637,21,4,15.0
97-20637,22,4,15.0
97-20637,23,3,20.0
97-20637,24,1,60.0
98-20637,05,4,15.0
98-20637,06,4,15.0
98-20637,07,4,15.0
98-20637,08,6,10.0
98-20637,09,4,15.0
98-20637,10,4,15.0
98-20637,11,4,15.0
98-20637,12,4,15.0
98-20637,13,4,15.0
98-20637,14,4,15.0
98-20637,15,5,12.0
98-20637,16,5,12.0
98-20637,17,4,15.0
98-20637,18,4,15.0
98-20637,19,4,15.0
98-20637,20,4,15.0
98-20637,21,4,15.0
98-20637,22,4,15.0
98-20637,23,3,20.0
99-20637,04,1,60.0
99-20637,05,3,20.0
99-20637,06,2,30.0
99-20637,07,4,15.0
99-20637,08,4,15.0
99-20637,09,4,15.0
99-20637,10,4,15.0
99-20637,11,4,15.0
99-20637,12,4,15.0
99-20637,13,4,15.0
99-20637,14,4,15.0
99-20637,15,4,15.0
99-20637,16,4,15.0
99-20637,17,4,15.0
99-20637,18,4,15.0
99-20637,19,4,15.0
99-20637,20,4,15.0
99-20637,21,4,15.0
99-20637,22,4,15.0
99-20637,23,4,15.0
99-20637,24,3,20.0
